4 0.9984375 0.6296234375 0.9967265624999999 0.059771874999999995 0.003403125 0.0546875 0.0067375 1 0.9798031249999999 0.9689249999999999 0.9984375 0.9291890625000001 0.9984375 0.6296234375
4 0.95 0.0389546875 0.95 0.0372609375 0.9461921875 0.0329953125 0.8929031249999999 0.000009375000000000001 0.071425 0.000009375000000000001 0.0375921875 0.05625 0.03894375 0.05625 0.95 0.0389546875
0 0.496484375 0.249609375 0.04921875 0.08984375
0 0.3109375 0.1875 0.096875 0.078125
0 0.13671875 0.3953125 0.0953125 0.103125
0 0.321875 0.45546875 0.08125 0.0890625
0 0.4734375 0.54296875 0.121875 0.0984375
0 0.75390625 0.4828125 0.0671875 0.06875
0 0.7171875 0.82265625 0.084375 0.1171875
0 0.437890625 0.77265625 0.04765625 0.0984375
0 0.1390625 0.61484375 0.13125 0.1078125
0 0.673828125 0.14375 0.06328125 0.04375
0 0.78828125 0.186328125 0.0453125 0.03515625
0 0.63046875 0.25390625 0.0578125 0.0421875