1 0.871528125 0.8634265624999999 0.706596875 0.347221875 0.4861109375 0.347221875 0.49305625 0.8611109375 0.871528125 0.8634265624999999
0 0.546875 0.11805625 0.574653125 0.3009265625 0.675346875 0.2893515625 0.63368125 0.1111109375 0.546875 0.11805625
0 0.22048593749999998 0.4513890625 0.18402812500000001 0.652778125 0.3298609375 0.6736109375 0.355903125 0.4629625 0.22048593749999998 0.4513890625
1 0.5173609375 0.0070890625 0.48784687499999996 0.090421875 0.6197921875 0.09505156249999999 0.621528125 0.0094046875 0.5173609375 0.0070890625
1 0.35459999999999997 0.0138015625 0.3424484375 0.09945000000000001 0.4552953125 0.09945000000000001 0.4765625 0.0165625 0.4765625 0.0115125 0.35459999999999997 0.0138015625
1 0.31475624999999996 0.0296875 0.0057296874999999995 0.020428125 0.007465624999999999 0.101446875 0.3484375 0.101446875 0.3484375 0.09929375 0.31475624999999996 0.0296875
1 0.004775 0.1338828125 0.14320468749999998 0.3 0.1436453125 0.3 0.1384546875 0.140828125 0.004775 0.1338828125
1 0.3091421875 0.2984375 0.24155312499999998 0.134375 0.054093749999999996 0.134375 0.16847499999999999 0.2984375 0.3091421875 0.2984375
1 0.2690109375 0.1247109375 0.27592656249999997 0.2953125 0.4666546875 0.2953125 0.40442656250000003 0.13628437499999999 0.2690109375 0.1247109375
1 0.00555625 0.81475625 0.2046875 0.817065625 0.2046875 0.81578125 0.02118125 0.36105312500000003 0.00555625 0.81475625
1 0.4546875 0.8626921875000001 0.4342015625 0.36875 0.048784375000000005 0.3641203125 0.2409234375 0.871875 0.38029531250000004 0.871875 0.4546875 0.8710687500000001 0.4546875 0.8626921875000001
0 0.4133765625 0.7015625 0.32274375 0.7129624999999999 0.3401046875 0.840278125 0.421875 0.8607203125 0.421875 0.8323609375000001 0.41476562499999997 0.7015625 0.4133765625 0.7015625
0 0.8541671875000001 0.858796875 0.78993125 0.6643515625 0.7013890625 0.6689812500000001 0.734375 0.8495375 0.8541671875000001 0.858796875
0 0.6140625 0.8427078124999999 0.610590625 0.7362265625 0.5046875 0.7339125 0.52344375 0.8453125 0.56328125 0.8453125 0.6140625 0.8427078124999999
0 0.8 0.3752046875 0.8 0.37482812499999996 0.7566843750000001 0.3609671875 0.6578125 0.6361875 0.6578125 0.6364609375 0.7262375 0.6609375 0.72914375 0.6609375 0.8 0.3752046875