0 0.760546875 0.4125 0.10234375 0.11875
0 0.33203125 0.29140625 0.0640625 0.0953125
0 0.20625 0.100390625 0.1375 0.17890625
0 0.49609375 0.118359375 0.0671875 0.15546875
0 0.65625 0.058984375 0.075 0.09609375
0 0.601953125 0.231640625 0.07578125 0.10390625
0 0.48671875 0.49765625 0.0734375 0.0953125
0 0.395703125 0.65078125 0.07265625 0.1765625
0 0.442578125 0.881640625 0.11953125 0.14453125
0 0.248828125 0.65078125 0.06640625 0.0796875
0 0.30625 0.56875 0.028125 0.071875
0 0.783984375 0.623046875 0.04921875 0.09921875
0 0.963671875 0.585546875 0.05859375 0.10859375
1 0.088559375 0 0.0014078125 0.031625 0.07730781249999999 0.546621875 0.5085546875 0.3434828125 0.33980625 0.005471874999999999 0.088559375 0
1 0.3624015625 0 0.5413671875 0.3301609375 0.8779265625000001 0.16531875000000001 0.7298015625 0.0021421875 0.3624015625 0
1 0.75855625 0.00041562500000000003 0.9041750000000001 0.1503328125 0.9997999999999999 0.107040625 0.9969875 0.0021421875 0.75855625 0.00041562500000000003
1 0.9041750000000001 0.1769734375 0.55461875 0.35414218750000004 0.9191750000000001 1 0.9988625000000001 0.9961953125 0.9988625000000001 0.29352812500000003 0.9041750000000001 0.1769734375
1 0.533521875 0.3707859375 0.0819953125 0.5832546875 0.1504328125 1 0.8704265625 0.9961953125 0.533521875 0.3707859375