1 0.46975625 0.46154687499999997 0.29225625 0.9909703125 0.9950906249999999 0.9908703125 0.9975453125 0.36193125 0.46975625 0.46154687499999997
1 0.44010156250000004 0.4715640625 0.003253125 0.522096875 0.003253125 0.9869640625 0.243828125 0.9947781250000001 0.44010156250000004 0.4715640625
1 0.5711390625 0.171884375 0.4853203125 0.4280234375 0.9966437499999999 0.345721875 0.9941890624999999 0.05469062500000001 0.5711390625 0.171884375
1 0.5434265625 0.1664625 0.59650625 0.0279296875 0.259375 0.13145 0.11863125000000001 0.2779421875 0.5434265625 0.1664625
1 0.4467609375 0.4361546875 0.5425 0.186140625 0.11781250000000001 0.291615625 0.0040921875 0.41884531249999996 0.005709375 0.5123296875000001 0.4467609375 0.4361546875
1 0.9950078124999999 0.008396875 0.7388859375 0.00644375 0.61614375 0.0240234375 0.5843484375 0.154259375 0.9966437499999999 0.0435546875 0.9950078124999999 0.008396875
1 0.3338375 0.0455078125 0.26618906249999996 0.12741093750000002 0.6406921875 0.004490625 0.44512343750000005 0.008396875 0.3338375 0.0455078125
1 0.0016171875 0.1529359375 0 0.2095796875 0.23482656249999997 0.1470765625 0.2467515625 0.1371734375 0.32320000000000004 0.0455078125 0.0016171875 0.1529359375
1 0.004071875 0.2212984375 0.004071875 0.3931828125 0.2222 0.15914062499999998 0.004071875 0.2212984375
0 0.189453125 0.614453125 0.33515625 0.16328125
0 0.655859375 0.714453125 0.36796875 0.49453125
0 0.67734375 0.328515625 0.2671875 0.12890625
0 0.3375 0.34921875 0.278125 0.1640625