1 0.30835 0.9987281250000001 0.8002874999999999 0.99656875 0.9959125 0.9123390625000001 1 0.6974437499999999 0.5528796875 0.3540453125 0.10432187500000001 0.4359921875 0.30835 0.9987281250000001
4 0.496484375 0.659765625 0.17109375 0.07265625
4 0.596484375 0.84140625 0.14609375 0.1140625
4 0.6017859375 0.7373999999999999 0.59315625 0.700684375 0.46945156250000003 0.7125625 0.402178125 0.792125 0.4723296875 0.8216296875 0.6017859375 0.7373999999999999
4 0.946484375 0.715234375 0.07109375 0.06484375
4 0.5136437500000001 0.540321875 0.691146875 0.8146703125 0.7583921874999999 0.6538734374999999 0.604809375 0.5142671875 0.5136437500000001 0.540321875
4 0.3728796875 0.43194687500000006 0.3914546875 0.5130203125 0.455378125 0.47562499999999996 0.3723609375 0.42389687499999995 0.3728796875 0.43194687500000006
4 0.327734375 0.43828125 0.03359375 0.0296875
4 0.353515625 0.32421875 0.05078125 0.0421875
4 0.285546875 0.369140625 0.05859375 0.04765625
4 0.234375 0.271484375 0.065625 0.03359375
4 0.208440625 0.206059375 0.15160625 0.267290625 0.177509375 0.2655734375 0.2529328125 0.23926406249999999 0.208440625 0.206059375
4 0.28203125 0.2265625 0.0203125 0.03125
4 0.452734375 0.31953125 0.03984375 0.0203125
4 0.510546875 0.250390625 0.05234375 0.06328125
4 0.65234375 0.23671875 0.0671875 0.0984375
4 0.477734375 0.20546875 0.04296875 0.0234375
4 0.86015625 0.206640625 0.0984375 0.03515625
4 0.823828125 0.150390625 0.07265625 0.04453125
4 0.616796875 0.1046875 0.04609375 0.01875
4 0.655078125 0.0875 0.03203125 0.009375
4 0.684765625 0.10078125 0.04453125 0.0109375
4 0.38671875 0.138671875 0.0453125 0.03359375
4 0.41796875 0.1171875 0.0328125 0.01875
4 0.499609375 0.0703125 0.04921875 0.025
4 0.12265625 0.174609375 0.0453125 0.02421875
4 0.06015625 0.12734375 0.0265625 0.0078125
1 0.9103031250000001 0.2769921875 0.5566093750000001 0.3477546875 1 0.685565625 0.9955937499999999 0.3189171875 0.9103031250000001 0.2769921875
1 0.994578125 0.31358125000000003 0.992546875 0.2579359375 0.9268359374999999 0.27347968749999996 0.994578125 0.31358125000000003
1 0.8990734375 0.2673609375 0.9092593750000001 0.2673609375 1 0.2486109375 0.9990734375000001 0.16319375 0.8259265625 0.1111109375 0.8148140625 0.1104171875 0.6416671875 0.13680625 0.6064812500000001 0.1395828125 0.603703125 0.14305625 0.7481484375 0.20277812499999998 0.78055625 0.2125 0.821296875 0.23402812499999998 0.8990734375 0.2673609375
1 0.6068875 0.043803125 0.42800937499999997 0.0651984375 0.6016359375 0.1406625 0.8006453125 0.1048359375 0.6068875 0.043803125
1 0.605709375 0.1402015625 0.33616718749999996 0.1752453125 0.54738125 0.346921875 0.8942015624999999 0.27078281249999997 0.605709375 0.1402015625
1 0.33616718749999996 0.1728796875 0.5894203124999999 0.1394125 0.4349265625 0.06721875000000001 0.2165625 0.088128125 0.33616718749999996 0.1728796875
1 0.32156875 0.1763890625 0.019832812499999998 0.2167921875 0.10349062499999999 0.43015468749999997 0.5416296875 0.3482953125 0.32156875 0.1763890625
1 0.205590625 0.0885765625 0.0004953125 0.11304375 0.019232812499999998 0.21359843750000002 0.3195859375 0.1749015625 0.205590625 0.0885765625