1 0.7726578125 1 0.9909890625 0.909953125 1 0.7001921875 0.5522875 0.34650781249999996 0.115625 0.4322484375 0.323753125 1 0.7726578125 1
1 0.327834375 0.1750234375 0.02091875 0.2127015625 0.113584375 0.4353109375 0.5420843750000001 0.3449765625 0.327834375 0.1750234375
1 0.2135890625 0.0887515625 0.0061109375 0.1124671875 0.0204609375 0.210009375 0.3207953125 0.173928125 0.2135890625 0.0887515625
1 0.42642499999999994 0.0650921875 0.22587968749999998 0.08734375 0.32867812500000004 0.1709703125 0.58408125 0.1366625 0.42642499999999994 0.0650921875
1 0.592753125 0.14021250000000002 0.3451265625 0.175278125 0.5541265625 0.3419140625 0.8859921875 0.269159375 0.592753125 0.14021250000000002
1 0.61388125 0.046754687499999996 0.4357953125 0.061479687500000005 0.594175 0.134296875 0.806221875 0.104721875 0.61388125 0.046754687499999996
1 0.99876875 0.24489062499999997 0.9979812499999999 0.1632640625 0.8229828124999999 0.1088453125 0.61023125 0.1375921875 0.9104812499999999 0.267959375 0.99876875 0.24489062499999997
1 0.9012281249999999 0.27557343749999996 0.5629265625000001 0.34819218749999997 0.9997640625 0.6857078125 1 0.3199359375 0.9012281249999999 0.27557343749999996
0 0.568359375 0.7890625 0.52109375 0.315625
0 0.2671875 0.46796875 0.065625 0.0515625
0 0.40859375 0.46328125 0.1078125 0.0921875
0 0.5890625 0.55 0.20625 0.140625
0 0.20859375 0.2609375 0.1171875 0.05625
0 0.352734375 0.3171875 0.08359375 0.04375
0 0.446875 0.312890625 0.05625 0.03515625
0 0.281640625 0.368359375 0.06953125 0.04921875
0 0.2421875 0.216796875 0.11875 0.03046875
0 0.52421875 0.255078125 0.1046875 0.06328125
0 0.6515625 0.24375 0.10625 0.065625
0 0.6171875 0.308984375 0.1 0.02734375
0 0.476953125 0.198828125 0.11015625 0.04140625
0 0.175390625 0.1078125 0.03203125 0.009375
0 0.05859375 0.12734375 0.0296875 0.0171875
0 0.1046875 0.13359375 0.040625 0.0140625
0 0.109375 0.175 0.05625 0.025
0 0.17734375 0.151171875 0.0671875 0.01796875
0 0.370703125 0.1359375 0.05703125 0.021875
0 0.41328125 0.115625 0.0484375 0.01875
0 0.49921875 0.070703125 0.0453125 0.02265625
0 0.61328125 0.104296875 0.0390625 0.02109375
0 0.648828125 0.0859375 0.02265625 0.015625
0 0.684375 0.099609375 0.0375 0.01796875
0 0.859765625 0.206640625 0.10703125 0.02890625
0 0.81796875 0.15078125 0.0796875 0.0328125