1 0.3588234375 1 0.351590625 0.20301718750000003 0.0018078125 0.18675 0 1 0.3588234375 1
1 0.36045781250000003 0.192959375 0.3793140625 1 0.9807828125 0.9999421875 0.6661875 0.22455625 0.36045781250000003 0.192959375
1 0.94100625 0.2311828125 0.6784203125 0.21780624999999998 1 1 0.995246875 0.32065 0.94100625 0.2311828125
1 0.0033140625 0.00041406250000000004 0 0.178165625 0.1900765625 0.1881078125 0.2286453125 0 0.0033140625 0.00041406250000000004
0 0.7597953125 0.106003125 0.8216765625000001 0.2195859375 0.962703125 0.22787031249999998 0.7597953125 0.106003125
1 0.2444234375 0.004553125 0.20815625 0.18479062500000001 0.523396875 0.201246875 0.480790625 0.0004875 0.2444234375 0.004553125
1 0.814453125 0.2199390625 0.6910125 0.0023109375 0.49070937499999995 0.0016953125 0.5377468750000001 0.2045296875 0.814453125 0.2199390625
1 0.9993968750000001 0.1552140625 0.8674875 0.0016953125 0.6969984375 0.0017187500000000002 0.8270546875000001 0.224871875 1 0.23165156250000002 0.9993968750000001 0.1552140625
0 0.1765625 0.5984375 0.34375 0.803125
0 0.104296875 0.123046875 0.18984375 0.10234375
0 0.369921875 0.14296875 0.28359375 0.1046875
0 0.58046875 0.15390625 0.0984375 0.1203125
0 0.76953125 0.176171875 0.0953125 0.09296875
0 0.6649812500000001 0.22455625 0.3695 0.20952500000000002 0.38051875 0.9966296874999999 0.9759593750000001 0.9966296874999999 0.6649812500000001 0.22455625
0 0.679928125 0.22401718750000002 0.97234375 0.9104749999999999 0.9795765624999999 0.6702375 0.679928125 0.22401718750000002
0 0.8409625000000001 0.2444375 0.99163125 0.4598234375 0.994040625 0.31568125 0.9361828125 0.24277968749999998 0.8409625000000001 0.2444375