1 1 0.7109734375000001 0.657475 0.4478328125 0.547275 0.359559375 0.418553125 0.38458125 0.2981765625 0.40625 0.10920624999999999 0.44088125 0.1484375 0.5478515625 0.2421875 0.8037109375 0.2925640625 0.9339046874999999 0.3151046875 0.9990234375 0.78125 0.9990234375 0.8684890624999999 0.9609375 0.9360125 0.9333953125000001 1 0.904896875 1 0.7109734375000001
1 0.5695984375 0.3507296875 0.609375 0.3818359375 0.64343125 0.40785937499999997 0.7421875 0.4833984375 1 0.6804593750000001 0.9996484375 0.32445 0.9532187499999999 0.3015984375 0.9060265624999999 0.281603125 0.5695984375 0.3507296875
1 1 0.2606578125 0.9856765624999999 0.263671875 0.9243750000000001 0.2766828125 0.9388015624999999 0.283203125 0.9735390625000001 0.29770625 1 0.30917343750000004 1 0.2666015625 1 0.2606578125
1 1 0.16299375 0.9226609375000001 0.1393375 0.8206421875000001 0.1087328125 0.7590125 0.11718124999999999 0.725009375 0.12119374999999999 0.6797671875 0.1277421875 0.6476859375 0.1326 0.6032234375 0.13872500000000001 0.6806109375 0.174 0.71484375 0.1875 0.77734375 0.21484375 0.8841140624999999 0.259765625 0.8997390624999999 0.265625 0.9088546875000001 0.2646484375 0.9752609375000001 0.251953125 1 0.2466359375 1 0.16299375
1 0.7169109375 0.1996265625 0.6990828125 0.1916640625 0.594409375 0.14456875 0.59290625 0.14379375 0.55076875 0.1493234375 0.459359375 0.16117187500000002 0.38304062499999997 0.17057031250000002 0.3389875 0.17665312500000002 0.403646875 0.2255859375 0.5512125 0.3387828125 0.8606765624999999 0.275390625 0.880853125 0.2713046875 0.7799484375 0.2265625 0.7169109375 0.1996265625
1 0.14453125 0.201171875 0.0225171875 0.2182390625 0.06510468750000001 0.3310546875 0.09635468750000001 0.4111328125 0.1036125 0.42669375 0.11979218750000001 0.4228515625 0.50390625 0.349609375 0.528371875 0.3446078125 0.3243296875 0.1808484375 0.14453125 0.201171875
1 0.436403125 0.0665125 0.5930453124999999 0.13585 0.7002359375 0.1194640625 0.8038718749999999 0.10475937500000002 0.6983609375000001 0.0736703125 0.60931875 0.046903125000000004 0.436403125 0.0665125
1 0.3304203125 0.17054687500000001 0.41808750000000006 0.159653125 0.5240203125 0.1452078125 0.5769390624999999 0.13687031249999998 0.4205734375 0.068359375 0.22291406249999998 0.0884640625 0.234375 0.0966796875 0.3304203125 0.17054687500000001
1 0 0.1626484375 0.0181765625 0.21111875000000002 0.2799484375 0.177734375 0.3134421875 0.17273125 0.21020468750000001 0.0910515625 0 0.11229375 0 0.1626484375
0 0.366796875 0.897265625 0.05859375 0.04140625
0 0.258203125 0.778125 0.05703125 0.0375
0 0.3203125 0.63515625 0.040625 0.0359375
0 0.23671875 0.6421875 0.0546875 0.034375
0 0.484375 0.65859375 0.128125 0.0671875
0 0.5921875 0.9875 0.05625 0.025
0 0.8015625 0.96484375 0.053125 0.0359375
0 0.15390625 0.537109375 0.0484375 0.02734375
0 0.205078125 0.543359375 0.02890625 0.02109375
0 0.325 0.43984375 0.03125 0.0203125
0 0.333203125 0.460546875 0.03203125 0.01796875
0 0.273046875 0.46953125 0.03984375 0.0171875
0 0.829296875 0.70078125 0.02421875 0.0234375
0 0.577734375 0.7140625 0.05234375 0.03125
0 0.95703125 0.717578125 0.0578125 0.04765625
0 0.594140625 0.88203125 0.07578125 0.0453125
0 0.5921875 0.8234375 0.159375 0.09375
0 0.4671875 0.774609375 0.1125 0.07421875
0 0.514453125 0.719921875 0.08828125 0.04609375
0 0.428125 0.5453125 0.04375 0.021875
0 0.442578125 0.578125 0.03828125 0.025
0 0.958984375 0.439453125 0.04921875 0.03515625
0 0.946875 0.3265625 0.04375 0.034375
0 0.75234375 0.37109375 0.0453125 0.0265625
0 0.786328125 0.45390625 0.04140625 0.0296875
0 0.7390625 0.434375 0.034375 0.025
0 0.709375 0.42890625 0.03125 0.0203125
0 0.587890625 0.351953125 0.02578125 0.02265625
0 0.86171875 0.3109375 0.0203125 0.01875
0 0.4109375 0.463671875 0.071875 0.07734375
0 0.8203125 0.5953125 0.115625 0.08125
0 0.6140625 0.598046875 0.165625 0.08359375
0 0.511328125 0.394140625 0.07265625 0.03828125
0 0.439453125 0.426171875 0.03515625 0.03046875
0 0.35703125 0.32109375 0.0609375 0.0359375
0 0.283984375 0.371875 0.05546875 0.04375
0 0.45 0.317578125 0.0375 0.01953125
0 0.17421875 0.36328125 0.0796875 0.0453125
0 0.234765625 0.27109375 0.06640625 0.0265625
0 0.28203125 0.226171875 0.0328125 0.02734375
0 0.2078125 0.238671875 0.0875 0.05234375
0 0.351171875 0.269140625 0.01796875 0.01328125
0 0.4125 0.29765625 0.021875 0.0171875
0 0.9703125 0.23359375 0.021875 0.0109375
0 0.1796875 0.323828125 0.025 0.01328125
0 0.057421875 0.126171875 0.02421875 0.01171875
0 0.1109375 0.13359375 0.025 0.0109375
0 0.072265625 0.16171875 0.04140625 0.0171875
0 0.14140625 0.175390625 0.0703125 0.01953125
0 0.176953125 0.10546875 0.02578125 0.0171875
0 0.1421875 0.108984375 0.021875 0.02109375
0 0.38125 0.138671875 0.05 0.02421875
0 0.41328125 0.116015625 0.0453125 0.02265625
0 0.494921875 0.06640625 0.04296875 0.0203125
0 0.614453125 0.102734375 0.04453125 0.01796875
0 0.69609375 0.09453125 0.0546875 0.0203125
0 0.654296875 0.084375 0.03359375 0.015625
0 0.86015625 0.203125 0.0984375 0.03125
0 0.815625 0.1484375 0.096875 0.034375
0 0.645703125 0.14140625 0.04765625 0.0203125
0 0.51015625 0.265625 0.0546875 0.03125
0 0.624609375 0.309375 0.04296875 0.021875
0 0.776171875 0.283984375 0.03359375 0.01484375
0 0.660546875 0.221484375 0.05234375 0.03671875
0 0.59296875 0.2765625 0.0453125 0.0375
0 0.644921875 0.26796875 0.03671875 0.0546875
0 0.409765625 0.169921875 0.04140625 0.02734375
0 0.4921875 0.219921875 0.05625 0.04609375
0 0.603515625 0.19375 0.01953125 0.0125
0 0.630859375 0.20390625 0.01796875 0.0171875
0 0.23984375 0.155859375 0.0203125 0.02109375
0 0.177734375 0.14765625 0.04296875 0.0171875
0 0.673046875 0.735546875 0.09296875 0.07109375
0 0.676171875 0.671875 0.07734375 0.05625
0 0.556640625 0.937109375 0.04453125 0.01484375
0 0.74140625 0.846875 0.0828125 0.084375