0 0.74629375 0.9959093749999999 0.9900703125 0.9996421874999999 0.999821875 0.4800453125 0.737678125 0.4852890625 0.74629375 0.9959093749999999
4 0.280178125 0.46254999999999996 0.2532203125 0.9837609374999999 0.5346078125 0.996825 0.715625 0.47477656250000005 0.715625 0.47051718749999993 0.280178125 0.46254999999999996
4 0 0.9784375000000001 0.2546 0.996875 0.25762968750000004 0.996875 0.403125 0.756678125 0.403125 0.44094375 0.2791390625 0.440625 0.1974 0.440625 0 0.977865625 0 0.9784375000000001
4 0 0.61956875 0.11975312499999999 0.6233 0.1203125 0.4488390625 0.1203125 0.434584375 0 0.6194968750000001 0 0.61956875
4 0.75725 0.4625 0.9994828124999999 0.448978125 0.9871609375 0.17929375 0.7726359375 0.177428125 0.7517421875 0.27260625 0.7489625 0.4625 0.75725 0.4625
4 0.7296875 0.1845234375 0.4606109375 0.17197656249999999 0.445496875 0.44959375 0.48941718749999996 0.45 0.6479421875 0.45 0.7296875 0.18898593749999998 0.7296875 0.1845234375
4 0.507375 0.428125 0.41661562500000004 0.17154375 0.1640625 0.1743421875 0.1640625 0.17448125 0.32973906249999996 0.4244203125 0.447734375 0.428125 0.507375 0.428125
4 0.2984375 0.4149328125 0.2984375 0.41396249999999996 0.13980937499999999 0.1734375 0.1377125 0.1734375 0.0015625 0.1871703125 0.0015625 0.21025 0.0037453124999999995 0.29360624999999996 0.1233578125 0.4203125 0.1297625 0.4203125 0.2984375 0.4149328125
4 0.7559640625 0.013484375000000002 0.7627125 0.1602828125 0.924303125 0.16215 0.9609375 0.016725 0.9609375 0.012853125000000002 0.7559640625 0.013484375000000002
4 0.7375 0.0219359375 0.540303125 0.014349999999999998 0.534375 0.15880624999999998 0.534375 0.16191093750000002 0.6874781249999999 0.163775 0.7375 0.0223015625 0.7375 0.0219359375
4 0.57030625 0.0125 0.5545875 0.0125 0.39131875 0.015365624999999999 0.3296875 0.1592265625 0.3296875 0.159375 0.33392187500000003 0.159375 0.4771640625 0.1503234375 0.57030625 0.0125
4 0.4 0.0352625 0.23864999999999997 0.020273437499999998 0.1440859375 0.1625 0.2003796875 0.1625 0.27675 0.16036875 0.4 0.036065625000000004 0.4 0.0352625
0 0.96171875 0.575 0.0765625 0.128125
0 0.844921875 0.77890625 0.03359375 0.0578125
0 0.93671875 0.9234375 0.0640625 0.109375
0 0.51953125 0.47109375 0.0609375 0.1515625
0 0.5265625 0.24375 0.028125 0.04375
0 0.633984375 0.19765625 0.04921875 0.0640625
0 0.61015625 0.383203125 0.0234375 0.12890625
0 0.6859375 0.39609375 0.053125 0.0953125
0 0.832421875 0.38125 0.07734375 0.078125
0 0.95625 0.30546875 0.078125 0.0609375
0 0.8125 0.240625 0.059375 0.09375
0 0.187109375 0.503515625 0.03359375 0.08203125
0 0.152734375 0.551953125 0.06171875 0.04140625
0 0.21484375 0.865625 0.0453125 0.090625
0 0.5828125 0.081640625 0.028125 0.04453125
0 0.26953125 0.076953125 0.0484375 0.04765625
0 0.334375 0.03671875 0.046875 0.0453125
0 0.2015625 0.496875 0.084375 0.096875