4 0.246875 0.23921874999999998 0.055534375000000004 0.22978125 0.0394796875 0.311346875 0.1569875 0.315625 0.198278125 0.315625 0.246875 0.24094218750000002 0.246875 0.23921874999999998
4 0.35 0.3278625 0.14906875 0.311271875 0.051589062500000005 0.44508593750000003 0.319796875 0.478125 0.3212765625 0.478125 0.35 0.3356109375 0.35 0.3278625
4 0.014878125 0.3329109375 0.0178109375 0.3418140625 0.0000875 0.48132343750000006 0.040625 0.48592812500000004 0.040625 0.33235625 0.014878125 0.3329109375
4 0.00276875 0.3225328125 0.0242890625 0.3215828125 0.016143750000000002 0.23883437500000002 0 0.23616874999999998 0.00276875 0.3225328125
4 0 0.8875968750000001 0.044340625 0.889975 0.0828125 0.5277078125 0.0828125 0.52105625 0 0.49754062499999996 0 0.8875968750000001
4 0 0.9827031249999999 0.0878203125 0.9984375 0.097803125 0.9984375 0.1078125 0.9183937500000001 0.1078125 0.9090624999999999 0 0.9076281249999999 0 0.9827031249999999
4 0.5825828125 0.7926046875 0.14592812500000002 0.8952703124999999 0.163546875 0.999496875 0.17240781249999998 0.9985468750000001 0.7408296875 0.9985468750000001 0.5825828125 0.7926046875
4 0.6707562499999999 1 0.836740625 0.9978718750000001 0.9984375 0.7798703125 0.9984375 0.7773375 0.653175 0.700821875 0.6421359375 0.7112609375 0.6493703125 1 0.6707562499999999 1
4 0.6188515625 0.4265625 0.616390625 0.4265625 0.392796875 0.7295203124999999 0.6306078125 0.7578125 0.6350390625 0.7578125 0.9640625 0.5017078125000001 0.9640625 0.50090625 0.6188515625 0.4265625
4 1 0.57645625 0.9991578125 0.396875 0.9985609375 0.396875 0.6611421875 0.6496890625 0.852721875 0.675 0.8568625000000001 0.675 1 0.591021875 1 0.57645625
4 0.642084375 0.279840625 0.4762421875 0.2931265625 0.649234375 0.4109546875 0.8408421875000001 0.38803125 0.642084375 0.279840625
4 0.60916875 0.42898593749999997 0.50915625 0.29706875 0.28458125 0.3251515625 0.42649687500000005 0.44375 0.44349531249999996 0.44375 0.60916875 0.42898593749999997
4 0.36238125 0.4641890625 0.09602031250000001 0.493434375 0.081090625 0.49592187499999996 0.1341734375 0.868996875 0.5820703125 0.7645359375 0.36238125 0.4641890625
0 0.209375 0.645703125 0.071875 0.05390625
0 0.29296875 0.52109375 0.1296875 0.0890625
0 0.2921875 0.68984375 0.059375 0.0484375
0 0.375 0.75390625 0.209375 0.1015625
0 0.6609375 0.48515625 0.096875 0.0765625
0 0.1171875 0.35390625 0.05625 0.0390625
0 0.14765625 0.434375 0.0953125 0.046875
0 0.2484375 0.37109375 0.078125 0.0484375
0 0.61953125 0.3421875 0.0890625 0.1
0 0.78828125 0.4234375 0.0609375 0.028125
0 0.88515625 0.50625 0.0609375 0.034375
0 0.96640625 0.5375 0.0671875 0.053125
0 0.81484375 0.2953125 0.0890625 0.053125
0 0.82109375 0.340625 0.0453125 0.015625
0 0.926953125 0.33671875 0.03515625 0.0296875
0 0.88203125 0.378125 0.0484375 0.046875
0 0.95390625 0.2765625 0.0765625 0.028125
0 0.12890625 0.2359375 0.0421875 0.053125
0 0.37734375 0.24921875 0.0859375 0.0265625
0 0.2484375 0.36953125 0.034375 0.0390625
0 0.56953125 0.33125 0.0890625 0.025
0 0.60546875 0.823828125 0.0578125 0.06015625
0 0.44375 0.4703125 0.084375 0.04375
0 0.53046875 0.5703125 0.0984375 0.1