1 0.7935015625 0.5876484375000001 0.658503125 0.1105515625 0.1904765625 0.099909375 0.0052046875 0.37982187500000003 0.0052046875 0.584034375 0.7935015625 0.5876484375000001
0 0.367578125 0.498828125 0.19140625 0.14765625
0 0.39921875 0.3265625 0.1390625 0.128125
0 0.58125 0.16484375 0.146875 0.1015625
0 0.218359375 0.199609375 0.09296875 0.13046875
0 0.08203125 0.476953125 0.0890625 0.17890625
0 0.584375 0.41953125 0.140625 0.2765625
1 0.9887671875 0.11235781250000001 0.678721875 0.113471875 0.8465359375 0.5984906249999999 0.991178125 0.5966843749999999 0.9887671875 0.11235781250000001
0 0.77578125 0.187109375 0.1515625 0.12109375
0 0.828125 0.311328125 0.153125 0.09140625
0 0.873828125 0.457421875 0.13203125 0.12734375
0 0.9125 0.562109375 0.115625 0.05546875
1 0.9960000000000001 0.634634375 0.7992765625 0.631103125 0.899571875 0.9906499999999999 1 0.9942640624999999 0.9960000000000001 0.634634375
0 0.93125 0.826953125 0.125 0.18515625