1 0.5244328125 1 0.8014625000000001 0.6797 0.5975578125000001 0.409446875 0.1700625 0.5351890625 0.392246875 1 0.5244328125 1
0 0.61015625 0.6984375 0.0859375 0.1875
0 0.03515625 0.807421875 0.0703125 0.10546875
0 0.192578125 0.337890625 0.07578125 0.07265625
0 0.50546875 0.55625 0.0578125 0.053125
0 0.81796875 0.59140625 0.0796875 0.0796875
0 0.44453125 0.8359375 0.0484375 0.06875
0 0.35703125 0.28203125 0.0515625 0.0703125
0 0.253125 0.454296875 0.04375 0.04296875
1 0.43724687500000003 0.18986562499999998 0.0025937499999999997 0.1579609375 0.004 0.2048796875 0.161625 0.5239281250000001 0.6003703125000001 0.40757031250000003 0.43724687500000003 0.18986562499999998
1 0.365528125 1 0.156 0.54081875 0 0.5877390625000001 0 1 0.365528125 1
1 0.6051328125000001 0.40657343749999997 0.80849375 0.6797 0.9392734375 0.529559375 0.7775562500000001 0.35314375 0.6051328125000001 0.40657343749999997
1 0.6017765625 0.403815625 0.77615 0.3475140625 0.6495890625 0.20675625000000003 0.46272812500000005 0.197653125 0.445684375 0.19924999999999998 0.6017765625 0.403815625
0 0.67578125 0.414453125 0.0859375 0.05078125
4 0.3183890625 0.026290625 0.4363359375 0.19549531250000002 0.6444578125 0.2048796875 0.537584375 0.0791375 0.3183890625 0.026290625
4 0.30836874999999997 0.005943749999999999 0.001934375 0.00046875 0.000403125 0.1617140625 0.44196093750000004 0.19361875 0.30836874999999997 0.005943749999999999
0 0.1421875 0.203515625 0.05625 0.04453125
0 0.028515625 0.412890625 0.05078125 0.09140625
0 0.089453125 0.791796875 0.05390625 0.07734375
0 0.36484375 0.6375 0.0484375 0.06875
0 0.42265625 0.601171875 0.0390625 0.06171875
4 0.6697703125000001 0.109165625 0.5434249999999999 0.08262968750000001 0.645865625 0.2048796875 0.7682078125 0.2123875 0.6697703125000001 0.109165625
1 0.7710203124999999 0.22177031249999998 0.6594578125 0.21643125 0.7822703125 0.356896875 0.8778937499999999 0.330621875 0.7710203124999999 0.22177031249999998
1 0.8877375000000001 0.32686875 0.7808640625 0.35314375 0.9355499999999999 0.529559375 1 0.4544890625 0.8877375000000001 0.32686875
1 0.000403125 0.5783546875 0.1466515625 0.529559375 0 0.2142640625 0.000403125 0.5783546875
0 0.54296875 0.22578125 0.0453125 0.0328125
0 0.680859375 0.283203125 0.03984375 0.04765625
0 0.672265625 0.61328125 0.04765625 0.0578125