4 0.246875 0.23921874999999998 0.055534375000000004 0.22978125 0.0394796875 0.311346875 0.1569875 0.315625 0.198278125 0.315625 0.246875 0.24094218750000002 0.246875 0.23921874999999998
4 0.35 0.3278625 0.14906875 0.311271875 0.051589062500000005 0.44508593750000003 0.319796875 0.478125 0.3212765625 0.478125 0.35 0.3356109375 0.35 0.3278625
4 0.0000875 0.3364671875 0.0178109375 0.47597500000000004 0.014878125 0.484878125 0.040625 0.485434375 0.040625 0.3318625 0.0000875 0.3364671875
4 0.0085015625 0.239278125 0.0003703125 0.321875 0.021912499999999998 0.321875 0.0234375 0.27428125 0.0234375 0.2368125 0.0085015625 0.239278125
4 0.0002921875 0.8664171875 0.0828125 0.88985 0.0828125 0.50001875 0.03945 0.49769375 0.0002921875 0.8664171875
4 0.0001328125 0.909078125 0.0113078125 0.9984375 0.0212890625 0.9984375 0.1078125 0.9829359375 0.1078125 0.9076453125 0.0001328125 0.909078125
4 0.30845 0.9984375 0.7404203125000001 0.896875 0.7228 0.7926484375 0.7139390624999999 0.793596875 0.1455171875 0.793596875 0.30291718749999996 0.9984375 0.30845 0.9984375
4 0.9984375 0.928990625 0.99270625 0.7002734375 0.8053421875 0.7026765625 0.6420328125 0.9228531249999999 0.9889093750000001 0.9997265625 0.9984375 0.990715625 0.9984375 0.928990625
4 0.7267765625 0.4265625 0.7227546874999999 0.4265625 0.39286875 0.6833375 0.7386921875 0.7578125 0.7413796875 0.7578125 0.9640625 0.456090625 0.9640625 0.4547921875 0.7267765625 0.4265625
4 0.9990890625000001 0.675590625 1 0.48103749999999995 0.8560328125 0.396571875 0.6610734375 0.4223296875 0.9990890625000001 0.675590625
4 0.6679 0.2797546875 0.47629374999999996 0.3026796875 0.6750515625 0.4108703125 0.8390625 0.3977296875 0.8390625 0.3963359375 0.6679 0.2797546875
4 0.609375 0.325053125 0.38559062499999996 0.29706875 0.285578125 0.42898593749999997 0.4512515625 0.44375 0.46825 0.44375 0.609375 0.3258109375 0.609375 0.325053125
4 0.58125 0.5683765625 0.13398125 0.4640625 0.1337140625 0.4640625 0.0806390625 0.837078125 0.09556875000000001 0.8395640625 0.36138125 0.86875 0.361975 0.86875 0.58125 0.56896875 0.58125 0.5683765625
0 0.209375 0.64609375 0.071875 0.0546875
0 0.29296875 0.52109375 0.1296875 0.0890625
0 0.2921875 0.68984375 0.059375 0.0484375
0 0.375 0.753515625 0.209375 0.10078125
0 0.6609375 0.48515625 0.096875 0.0765625
0 0.1171875 0.35390625 0.05625 0.0390625
0 0.14765625 0.434375 0.0953125 0.046875
0 0.2484375 0.370703125 0.078125 0.04765625
0 0.61953125 0.3421875 0.0890625 0.1
0 0.78828125 0.4234375 0.0609375 0.028125
0 0.88515625 0.50625 0.0609375 0.034375
0 0.96640625 0.5375 0.0671875 0.053125
0 0.815234375 0.2953125 0.08984375 0.053125
0 0.82109375 0.340625 0.0453125 0.015625
0 0.926953125 0.33671875 0.03515625 0.0296875
0 0.882421875 0.377734375 0.04921875 0.04609375
0 0.954296875 0.276171875 0.07734375 0.02734375
0 0.128515625 0.236328125 0.04140625 0.05390625
0 0.37734375 0.24921875 0.0859375 0.0265625
0 0.2484375 0.36953125 0.034375 0.0390625
0 0.56953125 0.33125 0.0890625 0.025
0 0.60546875 0.8234375 0.0578125 0.059375
0 0.44375 0.4703125 0.084375 0.04375
0 0.53046875 0.5703125 0.0984375 0.1