0 0.74629375 0.9959093749999999 0.9900703125 0.9996421874999999 0.999821875 0.4800453125 0.737678125 0.4852890625 0.74629375 0.9959093749999999
4 0.4355734375 0.4628765625 0.2530890625 0.9891578125 0.6900031249999999 0.9971515625 0.7169609375 0.47594062499999995 0.4355734375 0.4628765625
4 0 0.45976718749999995 0.19735156250000002 0.996875 0.33123281250000003 0.996875 0.403125 0.9966906249999999 0.403125 0.68095625 0.2575484375 0.440625 0.2564515625 0.440625 0 0.45919687500000006 0 0.45976718749999995
4 0 0.61956875 0.11975312499999999 0.6233 0.1203125 0.4488390625 0.1203125 0.434584375 0 0.6194968750000001 0 0.61956875
4 0.7517421875 0.3671203125 0.7726359375 0.4622984375 0.9871609375 0.4604328125 0.9994828124999999 0.19074843749999998 0.7489546875 0.1767640625 0.7517421875 0.3671203125
4 0.5289046875000001 0.171496875 0.44532499999999997 0.4383703125 0.715778125 0.4509796875 0.7308921875000001 0.1733625 0.5289046875000001 0.171496875
4 0.5078125 0.4271265625 0.5078125 0.42688125 0.34220625 0.17704843750000002 0.1640625 0.17145468749999998 0.1640625 0.1719078125 0.25469375 0.428125 0.41778125 0.428125 0.5078125 0.4271265625
4 0.2984375 0.210703125 0.2984375 0.18716875 0.1623 0.1734375 0.160203125 0.1734375 0.0015625 0.4139796875 0.0015625 0.41493125 0.17024843750000002 0.4203125 0.1766546875 0.4203125 0.29626562500000003 0.29360624999999996 0.2984375 0.210703125
4 0.9245203125 0.012865625 0.7629312500000001 0.014732812500000001 0.7561828125 0.16153125 0.96213125 0.162165625 0.9245203125 0.012865625
4 0.7320296875000001 0.014349999999999998 0.5347062499999999 0.021940625 0.5848546875 0.163775 0.7375 0.161915625 0.7375 0.1476296875 0.7320296875000001 0.014349999999999998
4 0.34581249999999997 0.0125 0.33009218749999997 0.0125 0.4232359375 0.1503234375 0.5664781249999999 0.159375 0.5703125 0.159375 0.5703125 0.15829375 0.50908125 0.015365624999999999 0.34581249999999997 0.0125
4 0.26701874999999997 0.023771875 0.143040625 0.148809375 0.3051203125 0.163865625 0.4007484375 0.0200390625 0.26701874999999997 0.023771875
0 0.96171875 0.575 0.0765625 0.128125
0 0.844921875 0.77890625 0.03359375 0.0578125
0 0.937109375 0.923046875 0.06484375 0.10859375
0 0.51953125 0.47109375 0.0609375 0.1515625
0 0.526953125 0.243359375 0.02890625 0.04296875
0 0.633984375 0.19765625 0.04921875 0.0640625
0 0.61015625 0.383203125 0.0234375 0.12890625
0 0.6859375 0.39609375 0.053125 0.0953125
0 0.832421875 0.38125 0.07734375 0.078125
0 0.95625 0.30546875 0.078125 0.0609375
0 0.812890625 0.240234375 0.06015625 0.09296875
0 0.1875 0.50390625 0.034375 0.0828125
0 0.152734375 0.551953125 0.06171875 0.04140625
0 0.215234375 0.865625 0.04609375 0.090625
0 0.5828125 0.081640625 0.028125 0.04453125
0 0.26953125 0.076953125 0.0484375 0.04765625
0 0.334375 0.03671875 0.046875 0.0453125
0 0.2015625 0.496875 0.084375 0.096875