0 0.51484375 0.212109375 0.2484375 0.24609375
0 0.9015625 0.36015625 0.196875 0.2046875
0 0.718359375 0.114453125 0.17109375 0.13828125
0 0.88671875 0.144921875 0.0859375 0.06484375
0 0.587890625 0.137890625 0.13515625 0.13515625
0 0.709375 0.396875 0.05 0.053125
0 0.555078125 0.46171875 0.08515625 0.0765625
4 0.108984375 0.738671875 0.17734375 0.47734375
0 0.0140875 0.016307812499999998 0.00418125 0.4935125 0.1879078125 0.489840625 0.1560609375 0.0151265625 0.0140875 0.016307812499999998
0 0.97109375 0.578125 0.0578125 0.05
0 0.9125 0.712890625 0.0375 0.03828125
0 0.9859375 0.764453125 0.028125 0.07890625
0 0.716015625 0.7609375 0.06953125 0.06875
0 0.785546875 0.85390625 0.03671875 0.0359375
0 0.688671875 0.544140625 0.04921875 0.03828125