1 0.0371265625 0.4489078125 0.3594234375 0.41001093749999995 0.241609375 0.24108593749999999 0.010042187499999999 0.261090625 0.0059796875 0.266646875 0.0371265625 0.4489078125
1 0.46911250000000004 0.224415625 0.25598437500000004 0.24046875 0.37838125 0.41001093749999995 0.6424484374999999 0.37778125 0.46911250000000004 0.224415625
1 0.6505734375000001 0.2077453125 0.484540625 0.22103125 0.6546359374999999 0.370003125 0.8726593749999999 0.3366625 0.6505734375000001 0.2077453125
1 1 0.26998125 0.8306796875 0.191075 0.672465625 0.20437031249999998 0.8983890625000001 0.3377734375 1 0.32665937500000003 1 0.26998125
1 0.35806875 0.4166796875 0.0358921875 0.45428125 0.09535625 0.9078968749999999 0.6072390624999999 0.7856484375 0.35806875 0.4166796875
1 0.64921875 0.37889375 0.377028125 0.4133453125 0.6234890625 0.7734234375 1 0.68006875 0.64921875 0.37889375
1 0.8902640625 0.344440625 0.6758515625 0.3751421875 0.995890625 0.647840625 1 0.417790625 0.8902640625 0.344440625
1 0.1806703125 0.1451328125 0.0054171875 0.15244531249999999 0.0046265625 0.252934375 0.23483749999999998 0.2340421875 0.1806703125 0.1451328125
1 0.25515 0.235153125 0.4528625 0.2184828125 0.3594234375 0.1340203125 0.196728125 0.13995 0.19556562500000002 0.149578125 0.25515 0.235153125
4 0.7987453125 0.10819375 0.37200625 0.133978125 0.46410156249999995 0.2186671875 0.9744578125000001 0.1723265625 0.7987453125 0.10819375
0 0.081640625 0.300390625 0.10703125 0.06640625
0 0.225 0.323828125 0.109375 0.06640625
0 0.11796875 0.392578125 0.1140625 0.06328125
0 0.27578125 0.509765625 0.1828125 0.11953125
0 0.301171875 0.70546875 0.32421875 0.2015625
0 0.644140625 0.45625 0.13203125 0.1
0 0.63395625 0.2576203125 0.5398015625 0.2591984375 0.659071875 0.36100625000000003 0.7587531249999999 0.34715625 0.63395625 0.2576203125
0 0.8513796875 0.20783281250000002 0.7793421875 0.21905156250000002 0.8442703125 0.2965734375 0.991803125 0.27542187500000004 0.8513796875 0.20783281250000002
0 0.4347578125 0.412909375 0.389996875 0.418625 0.55460625 0.6399296875 0.6208359375 0.6313015625 0.4347578125 0.412909375
0 0.1362640625 0.1845984375 0.12959375 0.1496265625 0.07884843750000001 0.1528 0.1362640625 0.1845984375