4 0.4274765625 0.675390625 0.30028125 0.883 0.5063375 0.9991875 0.9806250000000001 0.9971875000000001 0.969359375 0.953215625 0.4274765625 0.675390625
4 0.27100625 0.4375 0.270834375 0.4375 0.000759375 0.6000484375 0.0018859375 0.8578125 0.0020203125 0.8578125 0.4015625 0.638165625 0.4015625 0.63763125 0.27100625 0.4375
4 0.9546875 0.5508093749999999 0.9546875 0.5497640625 0.4288546875 0.8274437499999999 0.4399703125 0.8218515625 0.502021875 0.9234375 0.5073531250000001 0.9234375 0.9121546875 0.733503125 0.9546875 0.5508093749999999
4 0.40900625 0.64735625 0.4810359375 0.534775 0.1614734375 0.376553125 0.0174125 0.4363921875 0.40900625 0.64735625
4 0.5328125 0.4957625 0.2203046875 0.33447187500000003 0.174 0.4024265625 0.439696875 0.5328125 0.4461984375 0.5328125 0.5328125 0.4966953125 0.5328125 0.4957625
4 0.5667015625 0.3284546875 0.5038859375 0.3051890625 0.2723609375 0.4106703125 0.299628125 0.453125 0.30282343749999996 0.453125 0.5667015625 0.3284546875
4 0.9046875 0.5318031249999999 0.8667359375 0.4722765625 0.5426 0.618328125 0.5095046875 0.7296875 0.5098640624999999 0.7296875 0.9046875 0.5348828125 0.9046875 0.5318031249999999
4 0.5544015625000001 0.5652796875 0.5797734375 0.607646875 0.851315625 0.4960796875 0.8703125 0.423715625 0.8703125 0.4222390625 0.5544015625000001 0.5652796875
4 0.5703421875 0.286103125 0.350284375 0.3967328125 0.3879796875 0.413896875 0.5921875 0.3180234375 0.5921875 0.3161390625 0.5703421875 0.286103125
4 0.8453796875 0.5226031250000001 0.8345171875 0.47594843750000004 0.6035640625 0.3836515625 0.5826265625 0.41254843750000003 0.8453796875 0.5226031250000001
4 0.6102921875 0.28337500000000004 0.580034375 0.2672375 0.3959578125 0.34837656250000004 0.41251249999999995 0.371875 0.41497031250000005 0.371875 0.6102921875 0.28337500000000004
4 0.833984375 0.379378125 0.8200640625 0.3550546875 0.612271875 0.4357578125 0.6035781250000001 0.471875 0.6041531250000001 0.471875 0.833984375 0.379378125
4 0.821875 0.3312515625 0.621075 0.4115125 0.6338109375000001 0.4296875 0.6340109375 0.4296875 0.8154125000000001 0.35846875 0.821875 0.3318375 0.821875 0.3312515625
4 0.8125 0.382653125 0.6344171875 0.313903125 0.6406109375 0.3343625 0.7990046875 0.3953125 0.8047968750000001 0.3953125 0.8125 0.3852296875 0.8125 0.382653125
4 0.6234140625 0.267475 0.5924484375 0.2556796875 0.4328359375 0.3272875 0.4436625 0.34375 0.44669218749999995 0.34375 0.6234140625 0.267475
4 0.4778765625 0.245346875 0.46884218750000006 0.25937031250000003 0.614915625 0.323403125 0.634375 0.3149484375 0.634375 0.31366875 0.4778765625 0.245346875