4 0.0016671874999999998 0.74851875 0.0018874999999999999 0.995146875 0.2729546875 0.9966296874999999 0.1696375 0.6958 0.0016671874999999998 0.74851875
4 0.905071875 0.6958 0.6895515624999999 0.5150046875000001 0.200278125 0.6874078124999999 0.317390625 0.9981109375000001 0.3896015625 0.9995937500000001 0.905071875 0.6958
4 0.997278125 0.43201718749999996 0.9783921875000001 0.41423437500000004 0.7155546875 0.5059265625 0.918403125 0.6869078125 0.997278125 0.6409687500000001 0.997278125 0.43201718749999996
4 0.9983890625 0.38015 0.9994999999999999 0.3401375 0.9363890625 0.3040734375 0.7706500000000001 0.346065625 0.8861859375 0.42016093750000005 0.9983890625 0.38015
4 0.5183328125 0.40037031250000005 0.6206734375 0.5001859375000001 0.8772984375 0.415715625 0.7539859375 0.34754843750000003 0.5183328125 0.40037031250000005
4 0.11000000000000001 0.48925937499999994 0.1618609375 0.649859375 0.6017890625 0.5105593749999999 0.5040265625 0.40830625 0.11000000000000001 0.48925937499999994
4 0 0.7032093749999999 0.1351984375 0.65430625 0.0863890625 0.49666718750000005 0 0.5150046875000001 0 0.7032093749999999
4 0.3807140625 0.3401375 0.06 0.389259375 0.092984375 0.4794390625 0.4429265625 0.406825 0.3807140625 0.3401375
4 0.6151203125 0.30012656249999997 0.4016671875 0.3374078125 0.4518140625 0.402378125 0.6906625 0.3564390625 0.6151203125 0.30012656249999997
4 0.6294453125 0.29851875 0.6973281250000001 0.35199375 0.8617453125000001 0.3164265625 0.789534375 0.2749328125 0.6294453125 0.29851875
4 0.8706328125 0.3149453125 0.9917234374999999 0.2823421875 0.9294609375 0.249890625 0.7928671875 0.2675234375 0.8706328125 0.3149453125
4 0.0308328125 0.3133328125 0.050768749999999994 0.3831140625 0.3451640625 0.3401375 0.305171875 0.2927171875 0.0308328125 0.3133328125
4 0.5584625 0.3016078125 0.5086109375000001 0.26148125 0.317390625 0.291234375 0.34849687500000004 0.3371734375 0.5584625 0.3016078125
4 0.7228796875 0.27789687500000004 0.6669453125 0.24481562499999998 0.5262453125000001 0.2704875 0.565128125 0.306053125 0.7228796875 0.27789687500000004
4 0.8550796875 0.24677656250000002 0.7975 0.22444375 0.681775 0.24677656250000002 0.7262125 0.27789687500000004 0.8550796875 0.24677656250000002
4 0.9672828125 0.23788593750000003 0.9030546875000001 0.20962968750000002 0.8106421875 0.22454843750000003 0.8673 0.25270468749999997 0.9672828125 0.23788593750000003
4 0.0030546875 0.21148125 0.0052203125 0.2541859375 0.1874125 0.24085 0.1707484375 0.21565625000000002 0.0030546875 0.21148125
4 0.35627343749999996 0.22454843750000003 0.3266671875 0.194815625 0.176303125 0.21121093750000003 0.1951890625 0.2393671875 0.35627343749999996 0.22454843750000003
4 0.4862515625 0.209728125 0.4558328125 0.1874078125 0.3384984375 0.19935624999999998 0.3551625 0.223065625 0.4862515625 0.209728125
4 0.7509203125 0.2310109375 0.7044734375 0.2075953125 0.5859421874999999 0.22521093749999999 0.6239921875000001 0.250953125 0.7509203125 0.2310109375
4 0.8539312499999999 0.215059375 0.807771875 0.19355 0.7082484375 0.20599531249999997 0.7511921874999999 0.2310109375 0.8539312499999999 0.215059375
4 0.8934015625 0.1799578125 0.809628125 0.1918546875 0.8561046875 0.21433437500000002 0.940709375 0.19983125 0.8934015625 0.1799578125
4 0.9990937499999999 0.19693125 0.9888781249999999 0.19264375 0.907821875 0.20780781250000002 0.9768578124999999 0.2368125 1 0.22702343749999998 0.9990937499999999 0.19693125
4 0.8125406249999999 0.1706609375 0.734375 0.1822234375 0.7647046875 0.199303125 0.8476015625000001 0.1866140625 0.8125406249999999 0.1706609375
4 0.72855625 0.1822640625 0.635153125 0.194003125 0.6644125 0.21271874999999998 0.758996875 0.198578125 0.72855625 0.1822640625
4 0.6279921875000001 0.196040625 0.5189421875 0.2071421875 0.5445515624999999 0.228671875 0.6611515625 0.21344375000000002 0.6279921875000001 0.196040625
4 0.7443203125 0.16304687499999998 0.670153125 0.1731625 0.6924078125 0.1855265625 0.772315625 0.17465 0.7443203125 0.16304687499999998
4 0.662509375 0.1721109375 0.571271875 0.1822234375 0.5932015625 0.196765625 0.6891453125 0.1869765625 0.662509375 0.1721109375
4 0.68615625 0.15543437499999999 0.6103484375 0.1627421875 0.6326125 0.1750125 0.70735625 0.16667343750000002 0.68615625 0.15543437499999999
4 0.6394078125 0.1492703125 0.563115625 0.1536796875 0.57798125 0.16449843749999998 0.652725 0.157246875 0.6394078125 0.1492703125
4 0.6046171874999999 0.1507203125 0.5926781250000001 0.140540625 0.5230796875 0.1496328125 0.5350374999999999 0.157609375 0.6046171874999999 0.1507203125
4 0.56705625 0.181190625 0.4648359375 0.19203281249999998 0.4911171875 0.2111265625 0.5906328125 0.19782187499999998 0.56705625 0.181190625
4 0.5348671875 0.18360937500000002 0.515846875 0.171628125 0.4163125 0.177259375 0.43240625 0.191471875 0.5348671875 0.18360937500000002
4 0.5588968750000001 0.1554875 0.47588749999999996 0.162559375 0.48681093750000004 0.17272343750000002 0.5756703125 0.165465625 0.5588968750000001 0.1554875
4 0.140025 0.19000937499999998 0.0013234375 0.19634218750000001 0.0014734375 0.2151515625 0.1552359375 0.2094171875 0.140025 0.19000937499999998
4 0.3037078125 0.198390625 0.287815625 0.182009375 0.1476296875 0.1913328125 0.15755 0.20985937500000001 0.3037078125 0.198390625
4 0.41061718750000004 0.177659375 0.29525625 0.1836640625 0.307778125 0.19795000000000001 0.426490625 0.1913328125 0.41061718750000004 0.177659375
4 0.47086875 0.1627171875 0.3759078125 0.1677265625 0.3876265625 0.176471875 0.48444843750000005 0.171775 0.47086875 0.1627171875
4 0.5305359375 0.15751718750000002 0.5180875 0.1492984375 0.436746875 0.154103125 0.436103125 0.1553375 0.4476703125 0.16221406249999998 0.5305359375 0.15751718750000002
4 0.43304375000000006 0.15479062500000002 0.3405375 0.159971875 0.349425 0.168040625 0.44473906249999995 0.1636796875 0.43304375000000006 0.15479062500000002
4 0.371165625 0.16854375 0.2605203125 0.171709375 0.27094843750000003 0.18213125 0.38223124999999997 0.1776015625 0.371165625 0.16854375
4 0.33723593749999997 0.16018125 0.2331 0.1621703125 0.24089531250000001 0.1705578125 0.34526249999999997 0.1683765625 0.33723593749999997 0.16018125
4 0.22948906249999998 0.1636796875 0.1088171875 0.16374375000000002 0.11317812499999999 0.175421875 0.2362796875 0.1719 0.22948906249999998 0.1636796875
4 0.1268953125 0.177578125 0.1336734375 0.18934375 0.265428125 0.182634375 0.2546140625 0.1719 0.1268953125 0.177578125
4 0.12027499999999999 0.1764265625 0 0.17995468750000002 0.000325 0.1955359375 0.12810625 0.18993125 0.12027499999999999 0.1764265625
4 0.10201249999999999 0.1630796875 0.000134375 0.165215625 0.0007078125 0.17846562500000002 0.10900625 0.17464375000000001 0.10201249999999999 0.1630796875