4 0.028468749999999998 0.321875 0.003346875 0.3252234375 0.01596875 0.3840984375 0.023774999999999998 0.384375 0.0310265625 0.384375 0.030396875 0.321875 0.028468749999999998 0.321875
4 0.0015375 0.4966734375 0.06645 0.47865 0.038501562499999996 0.39694375000000004 0.004734375 0.39856250000000004 0.0015375 0.4966734375
4 0.134375 0.5351375 0.000296875 0.4933609375 0.0036374999999999997 0.67359375 0.0785046875 0.696875 0.08538124999999999 0.696875 0.134375 0.5383046874999999 0.134375 0.5351375
4 0.2640625 0.9367078125000001 0.2640625 0.9166187499999999 0.259934375 0.6998656249999999 0.0015625 0.6986656250000001 0.0015625 0.6998265625 0.098115625 0.9953125 0.102240625 0.9953125 0.2640625 0.9367078125000001
4 0.7853265625 0.5171875 0.7651125000000001 0.5171875 0.7004718750000001 0.5181046874999999 0.20190156250000002 0.8172890625000001 0.4116375 0.9984375 0.4127953125 0.9984375 0.9012234375 0.8302109375000001 0.7853265625 0.5171875
4 0.16729531250000002 0.4064078125 0.1116828125 0.5630359375 0.49456718750000006 0.6467171875 0.6 0.5439890625 0.6 0.541603125 0.16729531250000002 0.4064078125
4 0.340625 0.33689375 0.0485484375 0.2948453125 0.036425 0.3560578125 0.2803546875 0.378125 0.3045703125 0.378125 0.340625 0.3369390625 0.340625 0.33689375
4 0.4420921875 0.43041406249999997 0.4103625 0.3419078125 0.0641578125 0.406790625 0.1264484375 0.4734375 0.14105937500000001 0.4734375 0.4420921875 0.43041406249999997
4 0.875 0.430928125 0.6215546875 0.34828125 0.5184515625 0.45089687500000003 0.747228125 0.5015625 0.75786875 0.5015625 0.875 0.43166562500000005 0.875 0.430928125
4 1 0.6697453125 0.997821875 0.47424375 0.9220890624999999 0.4201734375 0.7126328125 0.5945125 0.9729703125 0.6828125 0.9814578125000001 0.6828125 1 0.673721875 1 0.6697453125
4 0.9984375 0.38204531249999996 0.9984375 0.38053906249999997 0.8857515625 0.304825 0.7780437499999999 0.343275 0.779365625 0.388934375 0.8395984375 0.41875 0.8483015625 0.41875 0.9984375 0.38204531249999996
4 0.4556234375 0.3015625 0.45534375000000005 0.3015625 0.39756562500000003 0.365121875 0.6083828125 0.4 0.608715625 0.4 0.6859375 0.34495156250000003 0.6859375 0.3447265625 0.4556234375 0.3015625
4 0.35078437500000004 0.26457031249999996 0.30841093750000004 0.3102296875 0.504628125 0.3354296875 0.5515625 0.297234375 0.5515625 0.29696875 0.35078437500000004 0.26457031249999996
4 0.5825781250000001 0.2995109375 0.7215171875 0.27905156249999996 0.6817515625 0.2442390625 0.5284828125 0.26706875 0.5825781250000001 0.2995109375
4 0.7029625 0.354890625 0.862540625 0.3140375 0.7814 0.2731859375 0.6291781249999999 0.300875 0.7029625 0.354890625
4 0.9921875 0.27678437499999997 0.8779937500000001 0.246825 0.8017593749999999 0.2885421875 0.9103562500000001 0.3125 0.9209015624999999 0.3125 0.9921875 0.2770171875 0.9921875 0.27678437499999997
4 0.7303499999999999 0.2759484375 0.8539234375 0.2537046875 0.7962359375 0.2259953125 0.677721875 0.246115625 0.7303499999999999 0.2759484375
4 0.8632953125 0.2521421875 0.9704703125 0.2369234375 0.9037046875 0.2088234375 0.80585625 0.2246375 0.8632953125 0.2521421875
4 0.9375 0.19636562500000002 0.8588125 0.1832578125 0.8143015625000001 0.2023796875 0.8860703125 0.2125 0.896903125 0.2125 0.9375 0.1968953125 0.9375 0.19636562500000002
4 1 0.20285156249999997 0.974296875 0.195525 0.9134343749999999 0.21962500000000001 0.9895234374999999 0.2326 1 0.2280515625 1 0.20285156249999997
4 0.846875 0.18275 0.768571875 0.1718875 0.7360859375000001 0.18761406249999998 0.8037984375 0.196875 0.8183296875 0.196875 0.846875 0.1830421875 0.846875 0.18275
4 0.741846875 0.1640625 0.6690671874999999 0.1748265625 0.691125 0.184375 0.69539375 0.184375 0.7684328125000001 0.17617031249999998 0.7451531250000001 0.1640625 0.741846875 0.1640625
4 0.7545515625 0.23028749999999998 0.84855 0.212725 0.8060906250000001 0.195553125 0.7136 0.2085296875 0.7545515625 0.23028749999999998
4 0.7453125 0.2332484375 0.7100578125 0.2109375 0.7052375 0.2109375 0.590625 0.22753281250000001 0.590625 0.22757187499999998 0.6321859375 0.2484375 0.6373656249999999 0.2484375 0.7453125 0.2332953125 0.7453125 0.2332484375
4 0.521165625 0.20804218749999998 0.5489843750000001 0.22599375 0.6602609375 0.212725 0.6286640625000001 0.1958390625 0.521165625 0.20804218749999998
4 0.6672890625 0.2115546875 0.76099375 0.199065625 0.729075 0.1846265625 0.6370843749999999 0.1948625 0.6672890625 0.2115546875
4 0.6870109375 0.1830078125 0.5985234375 0.17355937500000002 0.5739265625 0.1864390625 0.6551609375 0.1953125 0.6648296874999999 0.1953125 0.6870109375 0.1830078125
4 0.561075 0.1828125 0.626146875 0.17771874999999998 0.6088703125 0.1656203125 0.5816375 0.1683515625 0.520728125 0.17420625 0.537921875 0.1828125 0.561075 0.1828125
4 0.56969375 0.209375 0.584375 0.19990625 0.584375 0.1986375 0.5104625 0.1898515625 0.5084125 0.1851671875 0.487621875 0.183996875 0.46331718750000006 0.20155937499999999 0.546128125 0.209375 0.56969375 0.209375
4 0.65 0.1564984375 0.65 0.15599375 0.5801765624999999 0.1502015625 0.565625 0.1578671875 0.565625 0.1579546875 0.6209953125000001 0.1625 0.63986875 0.1625 0.65 0.1564984375
4 0.45908125 0.225 0.4875 0.203109375 0.4875 0.20183749999999998 0.3894296875 0.193765625 0.387671875 0.2004 0.356925 0.1988390625 0.3357109375 0.221715625 0.4182125 0.225 0.45908125 0.225
4 0.310146875 0.19812968749999998 0.4264 0.1922765625 0.4100015625 0.1778375 0.295515625 0.183634375 0.310146875 0.19812968749999998
4 0.5327453125 0.17865625000000002 0.43365312500000003 0.173446875 0.4172546875 0.18359375 0.5021765625 0.190625 0.5176937500000001 0.190625 0.5327453125 0.17865625000000002
4 0.270934375 0.16875 0.261728125 0.1781390625 0.363478125 0.18125 0.37120625 0.18125 0.38247343749999996 0.172840625 0.2770078125 0.16875 0.270934375 0.16875
4 0.39514218749999996 0.1640625 0.386634375 0.1640625 0.378515625 0.171371875 0.4658125 0.1765625 0.4727953125 0.1765625 0.484375 0.168846875 0.484375 0.1682703125 0.39514218749999996 0.1640625
4 0.5732921875 0.163753125 0.4951078125 0.15625781249999998 0.47983281250000004 0.1652015625 0.5573390625 0.171875 0.562765625 0.171875 0.5732921875 0.163753125
4 0.45200781250000005 0.1484375 0.4483328125 0.1484375 0.43779375 0.15591875 0.5139390625 0.1625 0.5167671875 0.1625 0.5296875 0.15374375 0.5296875 0.1534375 0.45200781250000005 0.1484375
4 0.440625 0.1618203125 0.35406875000000004 0.156278125 0.3452734375 0.1624453125 0.422359375 0.1671875 0.43642343749999996 0.1671875 0.440625 0.163375 0.440625 0.1618203125
4 0.490625 0.151853125 0.490625 0.151715625 0.48090781250000003 0.14352343750000002 0.4046875 0.1496796875 0.4046875 0.1497921875 0.412034375 0.1546875 0.4440921875 0.1546875 0.490625 0.151853125
4 0.5635421875 0.14341718750000002 0.49756718749999995 0.1390953125 0.48645781250000003 0.144646875 0.542390625 0.1484375 0.5559875 0.1484375 0.5635421875 0.14341718750000002
4 0.5234375 0.1380484375 0.5179218750000001 0.1336546875 0.453815625 0.1385890625 0.4567609375 0.140625 0.49527656249999996 0.140625 0.5234375 0.13879999999999998 0.5234375 0.1380484375
4 0.4007484375 0.14851875 0.3151203125 0.1537625 0.3229890625 0.16085624999999998 0.40625 0.15648125 0.40625 0.154228125 0.4007484375 0.14851875
4 0.1709640625 0.253125 0.172403125 0.247096875 0.1740921875 0.24324062500000002 0.1828125 0.2438078125 0.1828125 0.2188484375 0.0159453125 0.210790625 0.0014796874999999999 0.23263906250000002 0.005578125 0.23263906250000002 0.005578125 0.24195625 0.1566515625 0.253125 0.1709640625 0.253125
4 0.2223 0.2245109375 0.26280000000000003 0.22708124999999998 0.2615953125 0.233184375 0.3057125 0.23704062499999998 0.311015625 0.2306140625 0.3370515625 0.23286406249999997 0.3515625 0.2098 0.3515625 0.2094953125 0.203996875 0.199128125 0.17844218750000002 0.22643749999999999 0.178125 0.22847187500000002 0.178125 0.22966250000000002 0.220853125 0.2325421875 0.2223 0.2245109375
4 0.3015625 0.1998890625 0.3015625 0.1992328125 0.2908203125 0.18420625 0.15 0.1922125 0.15 0.1927125 0.162853125 0.20625 0.1938203125 0.20625 0.3015625 0.1998890625
4 0.0013765625 0.198503125 0.0008937499999999999 0.2148890625 0.1515671875 0.20878437500000002 0.1408125 0.191365625 0.0013765625 0.198503125
4 0.0011359375 0.1805109375 0.0013765625 0.1933625 0.12769999999999998 0.18950781249999998 0.1194125 0.17770312500000002 0.0011359375 0.1805109375