4 0.033020312499999996 0.693859375 0 0.6925921875000001 0.0028171875 0.960359375 0.1298796875 0.9214953124999999 0.033020312499999996 0.693859375
4 0.16320625 0.9992234375000001 0.1340453125 0.9288984375 0.0028640625 0.9657406249999999 0.16320625 0.9992234375000001
4 0.1527921875 0.6642484375000001 0.03671875 0.6925921875000001 0.1350859375 0.9251968749999999 0.26110781250000004 0.88448125 0.1527921875 0.6642484375000001
4 0.263190625 0.8918843750000001 0.13828125 0.93101875 0.16320625 1 0.31422343750000004 0.995521875 0.263190625 0.8918843750000001
4 0.3808796875 0.858571875 0.2658859375 0.8916671875000001 0.31318125 0.9973734375 0.46211562500000003 0.9973734375 0.3808796875 0.858571875
4 0.268396875 0.6438906249999999 0.1552078125 0.6671296875 0.263190625 0.8863312499999999 0.3777546875 0.8474671875 0.268396875 0.6438906249999999
4 0.4860703125 0.81785625 0.38828125 0.85 0.4569078125 0.9973734375 0.589178125 0.9973734375 0.4860703125 0.81785625
4 0.5839703125 0.791946875 0.48984375 0.8175921875000001 0.589178125 0.9973734375 0.7183234374999999 0.9992234375000001 0.5839703125 0.791946875
4 0.6777046875 0.7641859375 0.58359375 0.7875 0.7224890625 0.9992234375000001 0.822471875 0.975165625 0.6777046875 0.7641859375
4 0.7516515625 0.7364265624999999 0.67734375 0.759721875 0.8255968749999999 0.9825671874999999 0.908915625 0.9381515625000001 0.7516515625 0.7364265624999999
4 0.8318453124999999 0.71606875 0.7580734375 0.7365734374999999 0.9099578125000001 0.9437031250000001 0.9870281249999999 0.9122421875000001 0.8318453124999999 0.71606875
4 0.907875 0.6975609375 0.8375 0.71805625 0.9974437500000001 0.908540625 0.9995265625 0.8123046875 0.907875 0.6975609375
4 0.9995265625 0.8012 0.9953609374999999 0.6716515625 0.9091140624999999 0.6925921875000001 0.9995265625 0.8012
4 0.6360453125000001 0.525446875 0.0028640625 0.6509265625 0.0049 0.693859375 0.6589578125 0.558759375 0.6360453125000001 0.525446875
4 0.47982031249999996 0.8123046875 0.36875 0.6277781250000001 0.2652734375 0.64944375 0.37462968750000003 0.85301875 0.47982031249999996 0.8123046875
4 0.46211562500000003 0.6031765625000001 0.37265625 0.6231484375 0.48502812500000003 0.8141546875 0.5756390625 0.78454375 0.46211562500000003 0.6031765625000001
4 0.54439375 0.58281875 0.45859375 0.6023140625 0.5818875 0.7882453125 0.6662484375 0.7549328125 0.54439375 0.58281875
4 0.6245890625 0.5717140625 0.5497390625 0.5791671875 0.6693734375 0.7660375 0.7526921875 0.7438281250000001 0.6245890625 0.5717140625
4 0.7006171875 0.558759375 0.6252609375 0.5699078125 0.750609375 0.7401265625 0.8255968749999999 0.71606875 0.7006171875 0.558759375
4 0.77248125 0.543953125 0.7059890625 0.5583328125 0.8266390625 0.71791875 0.9016265625000001 0.6975609375 0.77248125 0.543953125
4 0.84121875 0.525446875 0.77890625 0.5398140625 0.900584375 0.6901578125000001 0.9682812500000001 0.66795 0.84121875 0.525446875
4 0.9964015625 0.6642484375000001 1 0.625384375 0.8985015625000001 0.5143421874999999 0.8479171875 0.5259265625 0.967240625 0.677203125 0.9964015625 0.6642484375000001
4 0.9953609374999999 0.6142796875000001 0.9953609374999999 0.4995375 0.9182296875 0.5074078125 0.9953609374999999 0.6142796875000001
4 1 0.45141875000000004 0.6434890625 0.521296875 0.6610406249999999 0.5606093750000001 0.9974437500000001 0.4939859375 1 0.45141875000000004
4 0.0226046875 0.5106421875 0.0002609375 0.5074078125 0 0.6475921875 0.087178125 0.6309359375 0.0226046875 0.5106421875
4 0.1038421875 0.492134375 0.027604687500000002 0.4981484375 0.08405312499999999 0.6327875 0.1673734375 0.6087281250000001 0.1038421875 0.492134375
4 0.17987031250000002 0.48102968749999997 0.10703125 0.4888890625 0.1673734375 0.6198328125 0.24444375 0.599475 0.17987031250000002 0.48102968749999997
4 0.2506921875 0.4699265625 0.1799484375 0.47731406249999997 0.24548437500000003 0.6050265625 0.31943125 0.58466875 0.2506921875 0.4699265625
4 0.3183890625 0.46252343749999997 0.2528640625 0.47037031249999994 0.32151406250000003 0.5865203125 0.390253125 0.5698640625 0.3183890625 0.46252343749999997
4 0.3819203125 0.45327031250000005 0.3205734375 0.465740625 0.3860859375 0.5698640625 0.45065937500000003 0.558759375 0.3819203125 0.45327031250000005
4 0.4412859375 0.44031562500000004 0.3869796875 0.4425921875 0.4558671875 0.5624609375 0.5131484375 0.5458046875 0.4412859375 0.44031562500000004
4 0.49856718750000006 0.43291250000000003 0.44557343749999995 0.4425921875 0.5173140625 0.543953125 0.5725140625 0.5347000000000001 0.49856718750000006 0.43291250000000003
4 0.551684375 0.43291250000000003 0.50546875 0.43333281250000005 0.5714718750000001 0.5365515624999999 0.6256296875 0.525446875 0.551684375 0.43291250000000003
4 0.612090625 0.4199578125 0.5640625 0.43333281250000005 0.635003125 0.525446875 0.6797875 0.506940625 0.612090625 0.4199578125
4 0.664165625 0.41810625 0.6200515625 0.4240734375 0.6818703125 0.5087906249999999 0.7370703125 0.5050890625 0.664165625 0.41810625
4 0.70895 0.3996 0.6669265625 0.4125 0.7381109375 0.5032390625 0.7860203125 0.490284375 0.70895 0.3996
4 0.7589406249999999 0.39775 0.71640625 0.403240625 0.7839375000000001 0.4939859375 0.8370531250000001 0.48288125 0.7589406249999999 0.39775
4 0.79851875 0.390346875 0.7684890625 0.396296875 0.8328875 0.490284375 0.8755890624999999 0.4773296875 0.79851875 0.390346875
4 0.8453859375 0.3866453125 0.8049484375 0.3893515625 0.8766296875 0.4717765625 0.923496875 0.4717765625 0.8453859375 0.3866453125
4 0.9172484375 0.3718390625 0.8583328124999999 0.384721875 0.9203734375 0.466225 0.990153125 0.4477171875 0.9172484375 0.3718390625
4 0.9974437500000001 0.4477171875 0.998484375 0.3644375 0.93125 0.36851875 0.9974437500000001 0.4477171875
4 0.4412859375 0.3459296875 0.0041671875 0.3893515625 0.0017749999999999999 0.4958359375 0.5006515625 0.4218078125 0.4412859375 0.3459296875
4 0.44947968749999995 0.34305625 0.5016921875 0.4218078125 0.9995265625 0.34963125 0.99431875 0.2867078125 0.44947968749999995 0.34305625
4 0.0017749999999999999 0.3940484375 0.47982031249999996 0.342228125 0.4569078125 0.2885578125 0.2881859375 0.30891562499999997 0.274646875 0.28300625 0.0015625 0.3013890625 0.0017749999999999999 0.3940484375
4 0.46640625 0.2851859375 0.4839875 0.332975 1 0.28300625 0.9964015625 0.24044062500000002 0.46640625 0.2851859375