4 0.24615312500000003 0.7830765625 0.273846875 0.6476921875 0.0030765625000000003 0.6415390624999999 0.0030765625000000003 0.7784609375 0.24615312500000003 0.7830765625
4 0.003425 0.797140625 0.047925 0.9828125 0.240625 0.9828125 0.240625 0.8001703125 0.003425 0.797140625
4 0.6421875 0.8 0.237565625 0.8 0.25753125 0.9796875 0.2751265625 0.9796875 0.6037015625000001 0.9767671874999999 0.6421875 0.8065421875000001 0.6421875 0.8
4 0.9969234374999999 0.9831078124999999 0.993846875 0.80003125 0.6599999999999999 0.80156875 0.6784609374999999 0.9831078124999999 0.9969234374999999 0.9831078124999999
4 0.27847343750000003 0.6463828125 0.2951421875 0.78125 0.591265625 0.78125 0.621875 0.6515265625 0.621875 0.6463828125 0.27847343750000003 0.6463828125
4 0.996875 0.7828125 0.996875 0.7601312499999999 0.9880281249999999 0.64639375 0.6449515625 0.6479328125 0.646490625 0.66639375 0.6985718750000001 0.7828125 0.996875 0.7828125
4 0.0046875 0.575434375 0.0046875 0.576228125 0.027403125 0.626203125 0.0578125 0.626203125 0.0578125 0.575434375 0.0046875 0.575434375
4 0.07526406249999999 0.5754328125 0.0632078125 0.6296875 0.2988546875 0.6296875 0.32141875 0.5800484375 0.07526406249999999 0.5754328125
4 0.5890625 0.620040625 0.580240625 0.5784515625 0.34485625 0.5784515625 0.34033437499999997 0.6296875 0.5148390625 0.6296875 0.5890625 0.6292328125 0.5890625 0.620040625
4 0.8734375 0.6166546875 0.8691703125 0.575409375 0.61875 0.573871875 0.61875 0.5747671875 0.639940625 0.6292546875 0.8734375 0.6200375 0.8734375 0.6166546875
4 0.9998312500000001 0.5784265625 0.8813703125 0.5768890625 0.8782937499999999 0.6322734375 0.94660625 0.634375 0.9786625000000001 0.634375 0.9998312500000001 0.5784265625
4 0.0578125 0.48125 0.004590625 0.48420625 0.004590625 0.565625 0.096875 0.565625 0.096875 0.5623078125000001 0.06003125 0.48125 0.0578125 0.48125
4 0.3359375 0.5607734375 0.30329375000000003 0.485096875 0.0909859375 0.483559375 0.1046484375 0.5625 0.3359375 0.5625 0.3359375 0.5607734375
4 0.3691953125 0.48125 0.3489890625 0.48125 0.3628125 0.5611171875000001 0.5674703125 0.5640625 0.576671875 0.5640625 0.5828125 0.49896406249999997 0.5828125 0.48264687500000003 0.3691953125 0.48125
4 0.8484375 0.485140625 0.8484375 0.484375 0.8230765625 0.484375 0.6134375000000001 0.4857453125 0.6026687500000001 0.559590625 0.8048203125000001 0.5625 0.816584375 0.5625 0.8484375 0.485140625
4 0.9984609375 0.564646875 0.9969234374999999 0.486184375 0.8430765625 0.486184375 0.8723078125000001 0.56003125 0.9984609375 0.564646875
4 0.16769218749999998 0.4738765625 0.18307656249999998 0.43695312499999994 0.0230765625 0.4323390625 0.006153125000000001 0.4708 0.16769218749999998 0.4738765625
4 0.3734375 0.467709375 0.3734375 0.46733437499999997 0.36128593750000004 0.43847500000000006 0.19375 0.43540156249999995 0.19375 0.4359109375 0.20374374999999997 0.46875 0.31616093749999996 0.46875 0.3734375 0.467709375
4 0.3881015625 0.4431484375 0.39525 0.4703125 0.559375 0.4703125 0.559375 0.43703281250000003 0.3881015625 0.4431484375
4 0.7584609375 0.4708 0.7476921875 0.43849218749999996 0.5815390625 0.44003125 0.5861531249999999 0.466184375 0.7584609375 0.4708
4 0.9492312500000001 0.4708 0.9338468750000001 0.44003125 0.7676921875 0.44003125 0.7769234375 0.4692609375 0.9492312500000001 0.4708
4 0.2234375 0.39225625000000003 0.2234375 0.421875 0.23889062499999997 0.421875 0.3515625 0.4138265625 0.3515625 0.39378125 0.2234375 0.39225625000000003
4 0.44375 0.41171875 0.1375 0.0265625
4 0.6015625 0.41171875 0.134375 0.0234375
4 0.75859375 0.41328125 0.1359375 0.0296875
4 0.97564375 0.44375 0.9984375 0.39816093750000003 0.9984375 0.39564374999999996 0.9535218750000001 0.394146875 0.942753125 0.40953125 0.853521875 0.4126078125 0.8412140625 0.44029999999999997 0.9412499999999999 0.44375 0.97564375 0.44375