4 0.42000000000000004 0.31153906249999996 0.5325 0.6115390625 0.8675 0.5961531250000001 0.755 0.3884609375 0.7224999999999999 0.3 0.6224999999999999 0.3 0.42000000000000004 0.31153906249999996
4 0.9911734375 0.2873421875 0.7463875 0.3090515625 0.8988984375 0.5932546875 1 0.5833875 0.9911734375 0.2873421875
4 0.88525625 0.6163703125 0.5464578125 0.6307546875 0.6733359375 0.9998234374999999 1 0.9564031249999999 0.88525625 0.6163703125
4 0.5371796875 0.64595625 0.165821875 0.6564109375 0.23246562499999998 0.9761390625 0.6489859375 0.9939015625 0.5371796875 0.64595625
4 0.4121796875 0.308678125 0.1017421875 0.316946875 0.167103125 0.6347015625 0.5259515625 0.62680625 0.4121796875 0.308678125
4 0.5900328125 0.307078125 0.5618375 0.23405468749999997 0.35421718750000003 0.239975 0.3644703125 0.316946875 0.5900328125 0.307078125
4 0.3429484375 0.24358906249999998 0.12737343750000002 0.2478703125 0.141471875 0.3149734375 0.3631890625 0.313 0.3429484375 0.24358906249999998
4 0.1439796875 0.6335078125 0.080878125 0.3102671875 0.0009984375 0.318025 0.0017171875 0.65049375 0.1439796875 0.6335078125
4 0 0.9961046874999999 0.2104140625 1 0.1385796875 0.6418140625000001 0 0.6514453125 0 0.9961046874999999
4 1 0.812159375 0.997453125 0.6033125 0.893828125 0.607596875 1 0.812159375
4 0.569096875 0.23654375 0.5933328125 0.2990015625 0.7991921875 0.292575 0.7623328125 0.22938593749999997 0.569096875 0.23654375
4 0.6809624999999999 0.0730171875 0.492915625 0.07599375 0.5592546875 0.239025 0.7623328125 0.22938593749999997 0.6809624999999999 0.0730171875
4 0.694325 0.0727828125 0.7727640625000001 0.2325984375 0.9730609375 0.219746875 0.8596984375 0.07087656249999999 0.694325 0.0727828125
4 1 0.06980468749999999 0.882153125 0.0726328125 0.9640187499999999 0.2122484375 1 0.21546249999999997 1 0.06980468749999999
4 0.5539828124999999 0.22312343750000002 0.47820156249999995 0.08213125 0.29438749999999997 0.08383125 0.3477546875 0.237053125 0.5539828124999999 0.22312343750000002
4 0.28140156250000004 0.0779546875 0.0908734375 0.0866171875 0.1261484375 0.23983906250000003 0.341421875 0.23148125 0.28140156250000004 0.0779546875
4 0.1198171875 0.248196875 0.0818875 0.08630625 0.0031359375000000003 0.08383125 0.0049453125 0.237053125 0.1198171875 0.248196875
4 0.2790109375 0.00025625 0.3071890625 0.071690625 0.46353125000000006 0.08243906250000001 0.42554218749999995 0 0.2790109375 0.00025625
4 0.5765953125000001 0.0030421875 0.565740625 0.00165 0.42463749999999995 0.0114 0.4619140625 0.0654265625 0.6055390625 0.0671171875 0.5765953125000001 0.0030421875
4 0.614584375 0.0671171875 0.7439296875 0.068509375 0.7213171875 0.007221875 0.7089328125 0.002784375 0.579309375 0.00025625 0.614584375 0.0671171875
4 0.881415625 0.06572343750000001 0.847371875 0.0006953125 0.7176984375 0.0086140625 0.751165625 0.07408125 0.881415625 0.06572343750000001
4 1 0.036471875 0.9790234375000001 0 0.8479484375 0.00165 0.8859375 0.068509375 1 0.068509375 1 0.036471875
4 0.30290625000000004 0.0712953125 0.2757703125 0.00025625 0.14160625 0.0048718749999999995 0.1590890625 0.0782609375 0.1473296875 0.08243906250000001 0.30290625000000004 0.0712953125
4 0.14280781250000002 0.06293750000000001 0.129390625 0.002784375 0 0.005828125 0.0008 0.0712953125 0.14280781250000002 0.06293750000000001