4 0.4345703125 1 0.12573281249999999 0.5908203125 0.0024421875 0.607096875 0.0012203125 0.8577468749999999 0.10131874999999999 1 0.4345703125 1
4 0.6079109375 0.99609375 0.6286625 0.9700515624999999 0.306396875 0.568034375 0.13061562499999999 0.5891921875 0.4406734375 0.99609375 0.6079109375 0.99609375
4 0.7141109375 0.8854171875000001 0.4345703125 0.5517578125 0.31494218749999997 0.5696609375 0.64086875 0.966796875 0.7141109375 0.8854171875000001
4 0.5322265625 0.537109375 0.44189531249999997 0.548503125 0.7141109375 0.8772781249999999 0.76904375 0.8251953125 0.5322265625 0.537109375
4 0 0.4264328125 0.0012203125 0.5794265625 0.11108437499999999 0.568034375 0 0.4264328125
4 0.0012203125 0.2083328125 0 0.4166671875 0.1098640625 0.568034375 0.2941890625 0.5501296875 0.0183109375 0.20670625 0.0012203125 0.2083328125
4 0.18310625 0.244140625 0.029296875 0.2099609375 0.299071875 0.546875 0.4211421875 0.5322265625 0.18310625 0.244140625
4 0.42724687499999997 0.53548125 0.5151375 0.52734375 0.30029374999999997 0.2701828125 0.185546875 0.2473953125 0.42724687499999997 0.53548125
4 0.3942875 0.291340625 0.31005937499999997 0.2734375 0.5187984375 0.5240890625 0.5847171875 0.517578125 0.3942875 0.291340625
4 0.6042484375 0.5322265625 0.537109375 0.537109375 0.7739265625 0.8203125 0.8117671874999999 0.78125 0.6042484375 0.5322265625
4 0.8435062500000001 0.7389328125 0.654296875 0.5208328125 0.60180625 0.528971875 0.8142093750000001 0.7763671875 0.8435062500000001 0.7389328125
4 0.4650875 0.3092453125 0.40283281249999997 0.2962234375 0.5871578125 0.51595 0.64086875 0.5126953125 0.4650875 0.3092453125