4 0.7809953125 0.9909421875 1 0.7510921875000001 0.7010078125 0.5645421875000001 0.215 0.7670828125 0.3760625 1 0.7809953125 0.9909421875
4 0.499375 0.43795624999999994 0.04625 0.5379171875 0.206090625 0.7610859375000001 0.6910093749999999 0.559546875 0.499375 0.43795624999999994
4 0.027785937500000003 0.5278984375 0.492709375 0.439621875 0.3527328125 0.35634062499999997 0.0025 0.3920828125 0.001125 0.4746 0.027785937500000003 0.5278984375
4 1 0.5029140625 0.9276375 0.469603125 0.7129171875 0.5587500000000001 1 0.7361015625 1 0.5029140625
4 0.7025 0.5525 0.9243046874999999 0.469603125 0.739334375 0.38798750000000004 0.50770625 0.439621875 0.7025 0.5525
4 0.601025 0.33135625 0.37124999999999997 0.3483328125 0.4977078125 0.436290625 0.7293359374999999 0.38299062500000003 0.601025 0.33135625
4 0.2527484375 0.28471875 0.008749999999999999 0.2983328125 0.002790625 0.38632187500000004 0.3460671875 0.3480125 0.2527484375 0.28471875
4 0.4910421875 0.27805625 0.2566671875 0.2879171875 0.351065625 0.349678125 0.601025 0.326359375 0.4910421875 0.27805625
4 0.1710953125 0.233084375 0.0025 0.23374999999999999 0.007790625 0.29804375 0.249415625 0.283053125 0.1710953125 0.233084375
4 0.404390625 0.23974687499999997 0.1879171875 0.23374999999999999 0.2377515625 0.28805000000000003 0.4760453125 0.273059375 0.404390625 0.23974687499999997
4 0.2660796875 0.17645312500000002 0.0108328125 0.17333281250000002 0.002790625 0.23641562500000002 0.391059375 0.23641562500000002 0.2660796875 0.17645312500000002