4 0.23395156250000002 0.1842328125 0.1840203125 0.1335515625 0.1448390625 0.087678125 0.0000859375 0.0763796875 0.0007546874999999999 0.140509375 0.020215625 0.1774015625 0.23395156250000002 0.1842328125
4 0.0218546875 0.18451718749999999 0.1217828125 0.3848421875 0.3986078125 0.3563796875 0.2384765625 0.1878625 0.0218546875 0.18451718749999999
4 0.4098 0.19390156249999999 0.2485171875 0.18793125 0.4097453125 0.35694375 0.5934359375 0.337359375 0.4098 0.19390156249999999
4 0.3353859375 0.1367765625 0.2927734375 0.10122968750000001 0.1524734375 0.0889 0.2446328125 0.1868546875 0.4071546875 0.1909546875 0.3353859375 0.1367765625
4 0.4049796875 0.36778125 0.12813593750000002 0.39344843749999997 0.3975453125 0.941903125 0.7554546875 0.733090625 0.4049796875 0.36778125
4 0.6016140625 0.3437234375 0.420646875 0.36417968749999996 0.7691390625000001 0.7258234375 0.9611921875 0.6135671874999999 0.6016140625 0.3437234375
4 0.9987890625 0.48529218749999997 0.7448921875 0.3261515625 0.6113140625 0.3411625 0.9677234374999999 0.6101062500000001 1 0.59294375 0.9987890625 0.48529218749999997
4 0.9388828124999999 0.3054984375 0.8599171875 0.313596875 0.9994734375000001 0.3905328125 1 0.3355546875 0.9388828124999999 0.3054984375
4 0.8542546874999999 0.3141703125 0.7549625 0.32639375 1 0.4811328125 0.9998921875000001 0.39430624999999997 0.8542546874999999 0.3141703125
4 0.47736875 0.15438593750000001 0.41489843750000005 0.11350156250000001 0.298075 0.10311875 0.4185484375 0.1928203125 0.5406015625 0.1959515625 0.47736875 0.15438593750000001
4 0.65034375 0.19929531250000002 0.516621875 0.12380625 0.4178171875 0.1137 0.54973125 0.1972078125 0.65034375 0.19929531250000002
4 0.740628125 0.20213125 0.6022296875 0.13085 0.5221890625000001 0.12339375 0.6563375 0.19974375 0.740628125 0.20213125
4 0.8115796874999999 0.203015625 0.6791890625 0.13845625 0.6021296875 0.130084375 0.7439484375000001 0.2020734375 0.8115796874999999 0.203015625
4 0.8127421874999999 0.20233906250000003 0.8718921875 0.20354375 0.744378125 0.1462125 0.6797515625 0.138834375 0.8127421874999999 0.20233906250000003
4 0.542353125 0.1975875 0.4188078125 0.19441250000000002 0.6027890625000001 0.33723125 0.7376921875 0.32139531250000003 0.542353125 0.1975875
4 0.8480062500000001 0.310471875 0.6542296875 0.20148125 0.549859375 0.1983234375 0.744478125 0.320759375 0.8480062500000001 0.310471875
4 0.9322078125000001 0.3012796875 0.7421734375 0.2045984375 0.6559765625 0.20027499999999998 0.8525171874999999 0.31031875000000003 0.9322078125000001 0.3012796875
4 0.7979015625 0.1507609375 0.747521875 0.145865625 0.8725171875 0.2032140625 0.9266671875 0.206028125 0.7979015625 0.1507609375
4 0.9355046874999999 0.20594687500000003 0.934690625 0.1924625 0.8445828125 0.15525 0.8011515625 0.1511359375 0.925559375 0.2057296875 0.9355046874999999 0.20594687500000003
4 0.9348593749999999 0.1796296875 0.8867593749999999 0.159184375 0.8503921875 0.1565734375 0.9348531250000001 0.19137500000000002 0.9348593749999999 0.1796296875
4 0.9508390625 0.17332187500000001 0.9510031250000001 0.20638125000000002 0.9995921875 0.208340625 0.99991875 0.192896875 0.9508390625 0.17332187500000001
4 0.9348859375 0.16648281250000002 0.922890625 0.1624265625 0.8916515625000001 0.160975 0.9348859375 0.17929843750000002 0.9348859375 0.16648281250000002