4 0.2734375 0.6413515624999999 0.003125 0.6474953125 0.003125 0.6486171875 0.0302546875 0.78125 0.11667812500000001 0.78125 0.2734375 0.7782734375 0.2734375 0.6413515624999999
4 0.002728125 0.796875 0.002728125 0.979875 0.23272187500000002 0.9828125 0.240625 0.9828125 0.240625 0.9805640625 0.1966 0.796875 0.002728125 0.796875
4 0.6421875 0.97351875 0.6037015625000001 0.8032953125000001 0.2575484375 0.8002171875 0.23760625000000002 0.9796875 0.6421875 0.9796875 0.6421875 0.97351875
4 0.9969234374999999 0.9831078124999999 0.993846875 0.80003125 0.6599999999999999 0.80156875 0.6784609374999999 0.9831078124999999 0.9969234374999999 0.9831078124999999
4 0.621875 0.777765625 0.59078125 0.6459875 0.295396875 0.6459875 0.278678125 0.78125 0.621875 0.78125 0.621875 0.777765625
4 0.996875 0.6479265625 0.6550484375 0.64639375 0.6444375 0.7828125 0.9445046874999999 0.7828125 0.9965859375000001 0.66639375 0.996875 0.6629328125 0.996875 0.6479265625
4 0.0046875 0.575434375 0.0046875 0.576228125 0.027403125 0.626203125 0.0578125 0.626203125 0.0578125 0.575434375 0.0046875 0.575434375
4 0.32141875 0.6261671875 0.29834062499999997 0.5753984375 0.06295625 0.5753984375 0.07502031249999999 0.6296875 0.13367500000000002 0.6296875 0.32141875 0.6261671875
4 0.5890625 0.620040625 0.580240625 0.5784515625 0.34485625 0.5784515625 0.34033437499999997 0.6296875 0.5148390625 0.6296875 0.5890625 0.6292328125 0.5890625 0.620040625
4 0.8734375 0.6166546875 0.8691703125 0.575409375 0.61875 0.573871875 0.61875 0.5747671875 0.639940625 0.6292546875 0.8734375 0.6200375 0.8734375 0.6166546875
4 0.9998312500000001 0.5784265625 0.8813703125 0.5768890625 0.8782937499999999 0.6322734375 0.94660625 0.634375 0.9786625000000001 0.634375 0.9998312500000001 0.5784265625
4 0.06 0.566184375 0.0984609375 0.48156875 0.004615625 0.48156875 0.004615625 0.5631078125 0.06 0.566184375
4 0.0906203125 0.4828125 0.12439843749999999 0.5611171875000001 0.31514375 0.5625 0.3359375 0.5625 0.3359375 0.5582125 0.3228875 0.4828125 0.0906203125 0.4828125
4 0.584615625 0.5631078125 0.5769234375 0.48156875 0.3630765625 0.484646875 0.34923125 0.564646875 0.584615625 0.5631078125
4 0.8484375 0.485140625 0.8484375 0.484375 0.8230765625 0.484375 0.6134375000000001 0.4857453125 0.6026687500000001 0.559590625 0.8048203125000001 0.5625 0.816584375 0.5625 0.8484375 0.485140625
4 0.996875 0.4866 0.8449406249999999 0.4866 0.8434203124999999 0.5640625 0.8707078125000001 0.5640625 0.9695546875 0.560446875 0.996875 0.491428125 0.996875 0.4866
4 0.1828125 0.4707859375 0.1828125 0.4703734375 0.16607031249999998 0.43232187499999997 0.00625 0.43693125000000005 0.00625 0.43736875 0.020628125 0.471875 0.125646875 0.471875 0.1828125 0.4707859375
4 0.3630765625 0.4708 0.373846875 0.435415625 0.206153125 0.43849218749999996 0.193846875 0.4677234375 0.3630765625 0.4708
4 0.5599999999999999 0.4723390625 0.5599999999999999 0.43849218749999996 0.395384375 0.43695312499999994 0.3876921875 0.466184375 0.5599999999999999 0.4723390625
4 0.7578125 0.46875 0.7578125 0.46828125 0.753378125 0.4431484375 0.58125 0.4385390625 0.58125 0.439075 0.5911421875 0.46875 0.7578125 0.46875
4 0.7767906250000001 0.44162187499999994 0.7682249999999999 0.46875 0.934765625 0.46875 0.9484375 0.44140625 0.9484375 0.440090625 0.7767906250000001 0.44162187499999994
4 0.2234375 0.3924671875 0.2234375 0.421875 0.33394218750000004 0.421875 0.3515625 0.421665625 0.3515625 0.40161875 0.2234375 0.3924671875
4 0.443359375 0.411328125 0.13671875 0.02578125
4 0.601953125 0.41171875 0.13515625 0.0234375
4 0.75859375 0.41328125 0.1359375 0.0296875
4 0.9880171875 0.425915625 0.9984375 0.40246875 0.9984375 0.3981578125 0.8664781250000001 0.3936078125 0.8418625000000001 0.4428375 0.8692234375 0.44375 0.8884546875 0.44375 0.8987859374999999 0.4289921875 0.9880171875 0.425915625