4 0.9806250000000001 0.9971875000000001 0.969359375 0.953215625 0.4274765625 0.675390625 0.30028125 0.883 0.5063375 0.9991875 0.9806250000000001 0.9971875000000001
4 0.2707046875 0.858 0.40156562500000004 0.6574015625 0.00163125 0.43753906249999996 0.0005046875 0.695378125 0.2707046875 0.858
4 0.9547125 0.9252328125 0.911903125 0.7413484375 0.5029578124999999 0.5494687500000001 0.43971875000000005 0.653 0.428603125 0.6474078125 0.9547125 0.9252328125
4 0.1614734375 0.376553125 0.0174125 0.4363921875 0.40900625 0.64735625 0.4810359375 0.534775 0.1614734375 0.376553125
4 0.2649453125 0.3339546875 0.173815625 0.371953125 0.48732499999999995 0.5337609375000001 0.5336296875000001 0.46580625 0.2649453125 0.3339546875
4 0.3352609375 0.30555468750000003 0.27244531250000004 0.328821875 0.538775 0.45465 0.5667859375 0.41103750000000006 0.3352609375 0.30555468750000003
4 0.5486828125 0.47290625000000003 0.5092375 0.534775 0.9059765625 0.7305234375 0.8728187500000001 0.61895625 0.5486828125 0.47290625000000003
4 0.580125 0.42219375000000003 0.554753125 0.46456093750000005 0.8711046874999999 0.6078 0.8516671875 0.5337609375000001 0.580125 0.42219375000000003
4 0.38804375 0.28628437500000004 0.3503484375 0.3034484375 0.57040625 0.4140796875 0.5932734375 0.3826375 0.38804375 0.28628437500000004
4 0.6035640625 0.3836515625 0.5826265625 0.41254843750000003 0.8453796875 0.5226031250000001 0.8345171875 0.47594843750000004 0.6035640625 0.3836515625
4 0.426346875 0.26701406250000004 0.39608906250000003 0.2831515625 0.5932734375 0.3724953125 0.6104234374999999 0.348153125 0.426346875 0.26701406250000004
4 0.617640625 0.3548984375 0.603721875 0.3792234375 0.8341890624999999 0.47197500000000003 0.8254328125000001 0.43560156250000004 0.617640625 0.3548984375
4 0.633625 0.33135781249999996 0.6208453125 0.34959375000000004 0.821803125 0.42991875 0.8151828125 0.40263906250000003 0.633625 0.33135781249999996
4 0.8077078125 0.3764953125 0.6448375000000001 0.3138234375 0.6342984375 0.32761874999999996 0.8139015625000001 0.39695468749999996 0.8077078125 0.3764953125
4 0.612515625 0.34504687500000003 0.6240125 0.3275671875 0.46440000000000003 0.2559578125 0.43343437500000004 0.267753125 0.612515625 0.34504687500000003
4 0.6264265625000001 0.323784375 0.635459375 0.3097609375 0.4893859375 0.245728125 0.46845781249999996 0.25482187500000003 0.6264265625000001 0.323784375