4 0.621528125 0.6882171875 0.684028125 0.5057343750000001 0.4513890625 0.453596875 0.253471875 0.5995828125 0.621528125 0.6882171875
4 0 0.5401453125 0.23055625000000002 0.5985406249999999 0.434721875 0.453596875 0.2138890625 0.40563125 0 0.474453125 0 0.5401453125
4 0.45277812500000003 0.453596875 0.6902781250000001 0.5046921875 0.71944375 0.42544375 0.540278125 0.38894687499999997 0.45277812500000003 0.453596875
4 0.5361109374999999 0.38894687499999997 0.3708328125 0.35557812499999997 0.21944375 0.40250312499999996 0.440278125 0.44942656249999996 0.5361109374999999 0.38894687499999997
4 0.7263890625 0.427528125 0.702778125 0.5088640625 0.965278125 0.5578734375 0.91805625 0.4588109375 0.7263890625 0.427528125
4 0.540278125 0.38581875 0.5916671874999999 0.349321875 0.45694375000000004 0.3222109375 0.37638906250000004 0.3514078125 0.540278125 0.38581875
4 0.740384375 0.37699531249999996 0.7270296875 0.422315625 0.912928125 0.45841093749999995 0.8888890625 0.40346562500000005 0.740384375 0.37699531249999996
4 0.5945515625 0.351328125 0.54540625 0.38702187499999996 0.7206203125 0.42311718750000005 0.733440625 0.37739687499999997 0.5945515625 0.351328125
4 0.8707265625 0.3665671875 0.75 0.3457125 0.7393156249999999 0.37619375 0.8867515625 0.4006578125 0.8707265625 0.3665671875
4 0.7441234375 0.34531093749999997 0.6298078125 0.3248578125 0.5961531250000001 0.3497234375 0.7350421875 0.374990625 0.7441234375 0.34531093749999997
4 0.623396875 0.32325312500000003 0.5181625000000001 0.3023984375 0.4610046875 0.3212484375 0.5908125 0.350125 0.623396875 0.32325312500000003
4 0.7521375 0.32325312500000003 0.6559828125 0.306409375 0.6303421874999999 0.32325312500000003 0.7435890625 0.34370781250000004 0.7521375 0.32325312500000003
4 0.7564109375 0.32325312500000003 0.751603125 0.3449109375 0.8691234375000001 0.3649640625 0.858975 0.339696875 0.7564109375 0.32325312500000003
4 0.6485046875 0.3048203125 0.5539531249999999 0.2867578125 0.5149578125 0.30201406249999996 0.625534375 0.321665625 0.6485046875 0.3048203125