4 0.9796875 0.8841953124999999 0.9796875 0.881759375 0.8536015625 0.6759593749999999 0.31171875 0.9537859375 0.300453125 0.9977578125000001 0.46170156249999994 0.9984375 0.77708125 0.9984375 0.9796875 0.8841953124999999
4 0.27100625 0.4375 0.270834375 0.4375 0.000759375 0.6000484375 0.0018859375 0.8578125 0.0020203125 0.8578125 0.4015625 0.638165625 0.4015625 0.63763125 0.27100625 0.4375
4 0.9546875 0.5508093749999999 0.9546875 0.5497640625 0.4288546875 0.8274437499999999 0.4399703125 0.8218515625 0.502021875 0.9234375 0.5073531250000001 0.9234375 0.9121546875 0.733503125 0.9546875 0.5508093749999999
4 0.40900625 0.64735625 0.4810359375 0.534775 0.1614734375 0.376553125 0.0174125 0.4363921875 0.40900625 0.64735625
4 0.5328125 0.4957625 0.2203046875 0.33447187500000003 0.174 0.4024265625 0.439696875 0.5328125 0.4461984375 0.5328125 0.5328125 0.4966953125 0.5328125 0.4957625
4 0.5667015625 0.43174999999999997 0.300371875 0.305921875 0.2723609375 0.349534375 0.4997359375 0.453125 0.508990625 0.453125 0.5667015625 0.43174999999999997
4 0.9059765625 0.7305234375 0.8728187500000001 0.61895625 0.5486828125 0.47290625000000003 0.5092375 0.534775 0.9059765625 0.7305234375
4 0.8711046874999999 0.6078 0.8516671875 0.5337609375000001 0.580125 0.42219375000000003 0.554753125 0.46456093750000005 0.8711046874999999 0.6078
4 0.5921875 0.3031078125 0.555640625 0.2864671875 0.3504125 0.3828203125 0.373134375 0.4140625 0.373675 0.4140625 0.5921875 0.304209375 0.5921875 0.3031078125
4 0.8250234375 0.384375 0.8227015625 0.384375 0.5935484375 0.4759515625 0.5828562500000001 0.521875 0.5844328125 0.521875 0.84375 0.413259375 0.84375 0.41022187499999996 0.8250234375 0.384375
4 0.412828125 0.2671875 0.3959578125 0.2911328125 0.579134375 0.371875 0.5807796875 0.371875 0.6102921875 0.356134375 0.41398437499999996 0.2671875 0.412828125 0.2671875
4 0.8341890624999999 0.47197500000000003 0.8254328125000001 0.43560156250000004 0.617640625 0.3548984375 0.603721875 0.3792234375 0.8341890624999999 0.47197500000000003
4 0.6206296874999999 0.33125 0.627234375 0.35846875 0.8086359375000001 0.4296875 0.8088359374999999 0.4296875 0.8215734375 0.4115125 0.62076875 0.33125 0.6206296874999999 0.33125
4 0.6342984375 0.32761874999999996 0.8139015625000001 0.39695468749999996 0.8077078125 0.3764953125 0.6448375000000001 0.3138234375 0.6342984375 0.32761874999999996
4 0.6234140625 0.267475 0.5924484375 0.2556796875 0.4328359375 0.3272875 0.4436625 0.34375 0.44669218749999995 0.34375 0.6234140625 0.267475
4 0.634375 0.25456406249999997 0.614915625 0.246109375 0.46884218750000006 0.3101421875 0.47740625000000003 0.3234375 0.4795453125 0.3234375 0.634375 0.25584531250000003 0.634375 0.25456406249999997