4 0.018667187499999998 0.32244843749999996 0.0036062499999999996 0.32191562500000004 0.004242187499999999 0.3849296875 0.0312890625 0.381325 0.018667187499999998 0.32244843749999996
4 0.038501562499999996 0.39694375000000004 0.004734375 0.39856250000000004 0.0015375 0.4966734375 0.06645 0.47865 0.038501562499999996 0.39694375000000004
4 0.08448125 0.49306875000000006 0.003340625 0.5183 0 0.6985328125 0.1349703125 0.656478125 0.08448125 0.49306875000000006
4 0.16742656250000001 0.6985328125 0.0015375 0.758609375 0.0060453125 0.9953140625 0.264796875 0.996515625 0.16742656250000001 0.6985328125
4 0.4027375 0.9977171874999999 0.901309375 0.6985328125 0.6912421875 0.5170984375 0.2019859375 0.6856109375 0.31798906250000003 0.99891875 0.4027375 0.9977171874999999
4 0.49469843750000003 0.40655625000000006 0.1118140625 0.4902375 0.16742656250000001 0.646865625 0.6019859375000001 0.511090625 0.49469843750000003 0.40655625000000006
4 0.3026625 0.29481250000000003 0.03629375 0.318909375 0.048418749999999997 0.3801234375 0.3405296875 0.33806875000000003 0.3026625 0.29481250000000003
4 0.3783953125 0.3416734375 0.0644734375 0.3865390625 0.0962015625 0.4750453125 0.44240781250000005 0.4101609375 0.3783953125 0.3416734375
4 0.7552531250000001 0.34768125 0.5187171875 0.400065625 0.6218203124999999 0.50268125 0.8760640625 0.41977343749999996 0.7552531250000001 0.34768125
4 0.997778125 0.63004375 1 0.4305875 0.9779421875000001 0.41977343749999996 0.7125874999999999 0.509775 0.9220453125000001 0.6841140625000001 0.997778125 0.63004375
4 1 0.381325 0.9986796874999999 0.33566562499999997 0.9355687500000001 0.304425 0.7779625 0.34295624999999996 0.89229375 0.41977343749999996 1 0.381325
4 0.6091984375 0.302021875 0.3981109375 0.33694531250000004 0.45593125 0.4005484375 0.686734375 0.35729375 0.6091984375 0.302021875
4 0.5524 0.30322343749999997 0.505190625 0.26480625 0.3089734375 0.29000625 0.3513484375 0.33566562499999997 0.5524 0.30322343749999997
4 0.6678015625 0.24434843750000002 0.5288609375 0.26480625 0.568628125 0.29961875 0.7218953124999999 0.2767890625 0.6678015625 0.24434843750000002
4 0.7814 0.2731859375 0.6291781249999999 0.300875 0.7029625 0.354890625 0.862540625 0.3140375 0.7814 0.2731859375
4 0.9175375000000001 0.2467515625 0.8016328125 0.2723203125 0.8778671875 0.3140375 0.99236875 0.2839984375 0.9175375000000001 0.2467515625
4 0.7962359375 0.2259953125 0.677721875 0.246115625 0.7303499999999999 0.2759484375 0.8539234375 0.2537046875 0.7962359375 0.2259953125
4 0.9037046875 0.2088234375 0.80585625 0.2246375 0.8632953125 0.2521421875 0.9704703125 0.2369234375 0.9037046875 0.2088234375
4 0.9385515625 0.20023749999999998 0.8940859375000001 0.183146875 0.8143921875 0.194384375 0.8589015625 0.2135078125 0.9385515625 0.20023749999999998
4 1 0.20023749999999998 0.9892125 0.1955546875 0.9131234375 0.2085296875 0.973984375 0.23262968750000002 1 0.225215625 1 0.20023749999999998
4 0.814978125 0.171359375 0.7359312499999999 0.1821703125 0.7684171875 0.197896875 0.8471890625 0.18696875 0.814978125 0.171359375
4 0.7685140625 0.173871875 0.7455765624999999 0.16394375 0.6691484375 0.1725296875 0.6931609375 0.18501875 0.7685140625 0.173871875
4 0.8060906250000001 0.195553125 0.7136 0.2085296875 0.7545515625 0.23028749999999998 0.84855 0.212725 0.8060906250000001 0.195553125
4 0.7030140625 0.21038437499999998 0.59095625 0.226103125 0.6271703125 0.24902031249999998 0.7457671875 0.2318484375 0.7030140625 0.21038437499999998
4 0.6602609375 0.212725 0.6286640625000001 0.1958390625 0.521165625 0.20804218749999998 0.5489843750000001 0.22599375 0.6602609375 0.212725
4 0.729075 0.1846265625 0.6370843749999999 0.1948625 0.6672890625 0.2115546875 0.76099375 0.199065625 0.729075 0.1846265625
4 0.662603125 0.17370000000000002 0.574115625 0.183146875 0.5978875 0.196334375 0.6872015625000001 0.18657812499999998 0.662603125 0.17370000000000002
4 0.53815 0.1838453125 0.565384375 0.1811140625 0.6262921875 0.1752609375 0.6059671875 0.1650859375 0.5208734374999999 0.1717484375 0.53815 0.1838453125
4 0.46347812499999996 0.19360312500000001 0.4877828125 0.21116406250000003 0.508575 0.20999374999999998 0.510625 0.2053109375 0.586196875 0.1963265625 0.5668484375 0.1838453125 0.46347812499999996 0.19360312500000001
4 0.6374203125 0.14989375 0.5653296875 0.1558109375 0.580025 0.16355312500000002 0.650596875 0.1576984375 0.6374203125 0.14989375
4 0.35699843750000004 0.22115625 0.387746875 0.2195953125 0.389503125 0.2262296875 0.489065625 0.218034375 0.457146875 0.193446875 0.33578593749999996 0.1982796875 0.35699843750000004 0.22115625
4 0.4100015625 0.1778375 0.295515625 0.183634375 0.310146875 0.19812968749999998 0.4264 0.1922765625 0.4100015625 0.1778375
4 0.516884375 0.17354375 0.4177921875 0.178753125 0.43430625 0.1918859375 0.5332828125 0.183690625 0.516884375 0.17354375
4 0.3707890625 0.1687953125 0.261615625 0.172134375 0.27104374999999997 0.18175 0.3823609375 0.17743124999999998 0.3707890625 0.1687953125
4 0.4719234375 0.1638609375 0.378215625 0.1694328125 0.3867578125 0.17712343749999998 0.4848828125 0.172496875 0.4719234375 0.1638609375
4 0.5582453125 0.15615 0.48006093749999995 0.163646875 0.49113125 0.1721890625 0.5735203125 0.1650953125 0.5582453125 0.15615
4 0.5170515625000001 0.1487484375 0.438396875 0.1555453125 0.44924375000000005 0.16324375 0.5307062499999999 0.1580015625 0.5170515625000001 0.1487484375
4 0.4328125 0.156459375 0.344653125 0.162103125 0.3513484375 0.1681796875 0.44160625 0.16262656250000002 0.4328125 0.156459375
4 0.48117968749999995 0.143196875 0.40512499999999996 0.1478296875 0.41499218750000005 0.15615 0.4913625 0.14998125 0.48117968749999995 0.143196875
4 0.5526921875 0.13887812500000002 0.486715625 0.1432 0.495528125 0.14905625 0.5638 0.14442968750000001 0.5526921875 0.13887812500000002
4 0.517978125 0.133634375 0.4537328125 0.13779999999999998 0.46012031249999996 0.1428875 0.5242265625 0.137953125 0.517978125 0.133634375
4 0.40018125 0.1487484375 0.3148515625 0.15323124999999999 0.3224203125 0.161084375 0.4080484375 0.1558421875 0.40018125 0.1487484375
4 0.1694765625 0.2109578125 0.0009640625 0.2190953125 0.0014453125 0.2440515625 0.011329687500000001 0.24340781250000001 0.0130171875 0.2472640625 0.014704687499999999 0.2543328125 0.1798421875 0.2421234375 0.1798421875 0.23280625000000002 0.183940625 0.23280625000000002 0.1694765625 0.2109578125
4 0.30907968750000003 0.232484375 0.351990625 0.22959374999999999 0.3514890625 0.2263796875 0.3259359375 0.1990703125 0.1781859375 0.20945 0.1928796875 0.23280625000000002 0.218915625 0.23055625000000002 0.22422031250000002 0.23698281250000003 0.2683375 0.2331265625 0.26713125 0.22702343749999998 0.30763281249999996 0.224453125 0.30907968750000003 0.232484375
4 0.28738281250000003 0.18364843749999998 0.149865625 0.19176875 0.1610578125 0.2074234375 0.302328125 0.1993921875 0.28738281250000003 0.18364843749999998
4 0.1515671875 0.20878437500000002 0.1408125 0.191365625 0.0013765625 0.198503125 0.0008937499999999999 0.2148890625 0.1515671875 0.20878437500000002
4 0.12769999999999998 0.18950781249999998 0.1194125 0.17770312500000002 0.0011359375 0.1805109375 0.0013765625 0.1933625 0.12769999999999998 0.18950781249999998