4 0.0033640625 0.45406250000000004 0.0046125 0.9921859375000001 0.09209843749999999 0.9940609374999999 0.3565625 0.403846875 0.062103125 0.40531249999999996 0.0033640625 0.45406250000000004
4 0.35812499999999997 0.403846875 0.0933484375 0.9940609374999999 0.8082296875000001 0.9959359375 0.68575 0.3884375 0.35812499999999997 0.403846875
4 0.7003125 0.394465625 0.816978125 0.9959359375 0.9969484375000001 0.9921859375000001 0.9956984375 0.3940625 0.7003125 0.394465625
4 0.0046125 0.2515625 0.0021140625 0.3903125 0.07085156249999999 0.38656250000000003 0.24874999999999997 0.1974671875 0.07210156250000001 0.2046875 0.0046125 0.2515625
4 0.255 0.1974671875 0.065853125 0.38656250000000003 0.3533046875 0.3903125 0.44454062499999997 0.1915625 0.255 0.1974671875
4 0.44875 0.19043125 0.363303125 0.3940625 0.68575 0.38093750000000004 0.64825625 0.1896875 0.44875 0.19043125
4 0.9931984375 0.3490625 0.8519734375000001 0.1896875 0.658125 0.19043125 0.6957484375 0.3828125 0.98945 0.3903125 0.9931984375 0.3490625
4 0.9981984374999999 0.1859375 0.8706250000000001 0.1880859375 0.9969484375000001 0.3509375 0.9981984374999999 0.1859375
4 0.0746015625 0.2009375 0.2058296875 0.1184375 0.08 0.11772968749999999 0.0033640625 0.1596875 0.0008640625 0.2009375 0.0746015625 0.2009375
4 0.34455625 0.10906249999999999 0.21125 0.11069375 0.07085156249999999 0.2046875 0.252071875 0.2009375 0.34455625 0.10906249999999999
4 0.4907828125 0.1053125 0.35031249999999997 0.10365781249999999 0.258321875 0.2009375 0.44828906249999995 0.1915625 0.4907828125 0.1053125
4 0.4507890625 0.1953125 0.64575625 0.18031250000000001 0.6357578125 0.0996875 0.49093749999999997 0.10365781249999999 0.49453125 0.0865625 0.4507890625 0.1953125
4 0.6407578125 0.0996875 0.655 0.169325 0.8557218750000001 0.1859375 0.780734375 0.0978125 0.6407578125 0.0996875
4 0.9969484375000001 0.14656249999999998 0.933209375 0.1034375 0.784484375 0.0996875 0.8534375000000001 0.1787046875 0.9931984375 0.1840625 0.9969484375000001 0.14656249999999998
4 0.9981984374999999 0.0040625 0.0034375000000000005 0.005159375 0.0008640625 0.11281250000000001 0.9919499999999999 0.09406250000000001 0.9981984374999999 0.0040625