4 0.818359375 0.8010999999999999 0.8037109375 0.7819843750000001 0.5205078125 0.5143718749999999 0.4443359375 0.44833749999999994 0.2109375 0.76286875 0.2109375 0.783721875 0.259765625 0.957496875 0.267578125 0.9818250000000001 0.2744140625 0.9939890625000001 0.2822265625 0.9974640625 0.7119140625 0.9974640625 0.818359375 0.8184765625000001 0.818359375 0.8010999999999999
4 0.2978515625 0.31279375 0.138671875 0.5091593750000001 0.13671875 0.5230609375 0.1953125 0.7315890625 0.2021484375 0.7472296875 0.2060546875 0.7472296875 0.4228515625 0.4552890625 0.4296875 0.43617343750000004 0.3115234375 0.3197453125 0.2978515625 0.31279375
4 1 0.22416874999999997 0.9931640625 0.21895625000000002 0.6533203125 0.159871875 0.4716796875 0.40315625 0.4609375 0.425746875 0.4736328125 0.44138593750000005 0.8349609375 0.7541796875 0.8486328125 0.7541796875 1 0.48830625000000005 1 0.22416874999999997
4 0.6328125 0.158134375 0.5791015625 0.1424953125 0.4501953125 0.1216421875 0.3193359375 0.2849890625 0.3125 0.2971546875 0.3212890625 0.30931875 0.4150390625 0.39272968750000004 0.4423828125 0.41358281249999995 0.4501953125 0.41358281249999995 0.6181640625 0.1876765625 0.630859375 0.1685609375 0.6328125 0.158134375
4 0.2333984375 0.21200468749999998 0.228515625 0.22069375 0.2294921875 0.2293828125 0.2861328125 0.2815140625 0.2919921875 0.2815140625 0.421875 0.11990468750000001 0.4150390625 0.111215625 0.3330078125 0.09731406249999999 0.2333984375 0.21200468749999998
4 0.2138671875 0.2363328125 0.1025390625 0.3649265625 0.095703125 0.380565625 0.12109375 0.467453125 0.1259765625 0.4796171875 0.1298828125 0.4796171875 0.2705078125 0.30931875 0.27734375 0.293678125 0.2236328125 0.2363328125 0.2138671875 0.2363328125
4 0.078125 0.31800625 0.0947265625 0.3718765625 0.1845703125 0.27108750000000004 0.212890625 0.2311203125 0.1943359375 0.2085296875 0.1728515625 0.19462656250000002 0.0810546875 0.2988921875 0.078125 0.31800625
4 0.1865234375 0.17725 0.18359375 0.1824625 0.1865234375 0.19462656250000002 0.2216796875 0.22243125 0.3193359375 0.111215625 0.326171875 0.09557656249999999 0.2900390625 0.0834109375 0.2705078125 0.0834109375 0.1865234375 0.17725
4 0.2236328125 0.069509375 0.1513671875 0.14944531249999998 0.1484375 0.154659375 0.1513671875 0.1633484375 0.1708984375 0.180725 0.1787109375 0.180725 0.2392578125 0.114690625 0.259765625 0.0816734375 0.2470703125 0.0729859375 0.2236328125 0.069509375
4 0.6845703125 0.1459703125 0.9990234375 0.1911515625 1 0.0017375000000000001 0.7763671875 0 0.6826171875 0.1251171875 0.67578125 0.1407578125 0.6845703125 0.1459703125
4 0.4716796875 0.09383749999999999 0.46875 0.0990515625 0.4716796875 0.111215625 0.6513671875 0.13901875 0.7333984375 0.0312796875 0.748046875 0.0086890625 0.748046875 0.0017375000000000001 0.5478515625 0 0.4716796875 0.09383749999999999
4 0.345703125 0.0816734375 0.3486328125 0.0903625 0.4306640625 0.10774062499999999 0.4912109375 0.0382296875 0.515625 0.0017375000000000001 0.4130859375 0 0.3505859375 0.0729859375 0.345703125 0.0816734375
4 0.28125 0.0747234375 0.2841796875 0.0799359375 0.3388671875 0.08688749999999999 0.4013671875 0.0139015625 0.40625 0.0017375000000000001 0.3447265625 0 0.2880859375 0.062559375 0.28125 0.0747234375
4 0.23046875 0.064296875 0.2314453125 0.069509375 0.2685546875 0.0764609375 0.3212890625 0.017378125 0.330078125 0.0017375000000000001 0.2841796875 0 0.2353515625 0.0556078125 0.23046875 0.064296875