4 0.0416234375 0.99635625 0.8795796875 0.9849343749999999 0.9919421875 0.798384375 0.993846875 0.6594234375 0.375853125 0.3757921875 0.0692859375 0.6552374999999999 0.0416234375 0.99635625
4 0.08595312499999999 0.46952343750000003 0.0692375 0.648003125 0.372996875 0.37008125000000003 0.25872968749999997 0.32058906249999997 0.08595312499999999 0.46952343750000003
4 0.6291453125 0.13784687499999998 0.38833281249999996 0.36 0.9947984375000001 0.60993125 0.9947984375000001 0.088353125 0.6291453125 0.13784687499999998
4 0.4177515625 0.181628125 0.26571406249999996 0.31238125 0.37680625 0.371984375 0.6091484375 0.1473640625 0.4177515625 0.181628125
4 0.7872140625 0 0.6407140625000001 0.1266671875 0.996703125 0.088353125 0.996703125 0.0007890625 0.7872140625 0
4 0.7700734375 0 0.5597624999999999 0.06238125 0.42727343749999996 0.17782031250000002 0.6196234375 0.1454609375 0.7700734375 0
4 0.2196890625 0.29013125 0.0930953125 0.3980953125 0.0844734375 0.4709703125 0.252065625 0.318684375 0.2196890625 0.29013125
4 0.3349078125 0.194953125 0.22642812499999998 0.28619062500000003 0.2568265625 0.32058906249999997 0.410134375 0.1911453125 0.3349078125 0.194953125
4 0.4387 0.111196875 0.3454765625 0.183809375 0.4082296875 0.19305 0.5434453125 0.073125 0.4387 0.111196875
4 0.0978578125 0.2719046875 0.09209062500000001 0.3872140625 0.4929765625 0.0388609375 0.3158640625 0.128328125 0.0978578125 0.2719046875
4 0.49785781250000005 0.031428125 0.4329875 0.088353125 0.7519812499999999 0.010307812500000001 0.552015625 0 0.49785781250000005 0.031428125