4 0.3637453125 0.40804375000000004 0 0.453846875 0.0018484375 0.9978578125 0.6071828125 1 0.3637453125 0.40804375000000004
4 1 0.7515625 0.7278156250000001 0.3561921875 0.38342343749999996 0.40728749999999997 0.6180515625 0.9962375 0.7919343750000001 0.9978578125 1 0.9298015625 1 0.7515625
4 1 0.32054375 0.743478125 0.35465625 0.7430296875 0.3723953125 1 0.7337374999999999 1 0.32054375
4 0.192034375 0.22332187499999998 0.0043484375 0.2433203125 0 0.455034375 0.2474609375 0.41776562500000003 0.192034375 0.22332187499999998
4 0.4474265625 0.2022578125 0.2040765625 0.22712500000000002 0.2659359375 0.414525 0.538715625 0.3740171875 0.4474265625 0.2022578125
4 0.5452375 0.3723953125 0.7691125000000001 0.335128125 0.651740625 0.1828125 0.46358750000000004 0.1987859375 0.4528609375 0.210359375 0.5452375 0.3723953125
4 0.8506484375 0.1779515625 0.67554375 0.1906875 0.78218125 0.34647031250000004 0.9680203125 0.30758125000000003 0.8506484375 0.1779515625
4 0.9995359374999999 0.1617484375 0.8671203125 0.17449375 0.9778 0.31892343749999996 1 0.317303125 0.9995359374999999 0.1617484375
4 0.10371875 0.14644531249999998 0.00265 0.14895468750000002 0.0022296875 0.23395468749999998 0.12328281249999999 0.22119375 0.10371875 0.14644531249999998
4 0.30180625 0.13732968750000002 0.1142453125 0.1459171875 0.1306203125 0.2236234375 0.3303375 0.20600000000000002 0.30180625 0.13732968750000002
4 0.3344296875 0.207215625 0.510915625 0.1920234375 0.4693421875 0.1300375 0.31145 0.1383265625 0.3095671875 0.142190625 0.3344296875 0.207215625
4 0.058978125000000006 0.1025765625 0.002140625 0.1041625 0.0006921875 0.14633281250000002 0.06794375 0.1408625 0.058978125000000006 0.1025765625
4 0.2167140625 0.0971078125 0.06532656249999999 0.101884375 0.0740578125 0.14754687500000002 0.2330171875 0.1402546875 0.2167140625 0.0971078125
4 0.518259375 0.19677031250000002 0.6674609375 0.18035937500000002 0.627103125 0.12565625 0.48636093750000003 0.130071875 0.47728906249999997 0.1338609375 0.518259375 0.19677031250000002
4 0.7665203125 0.1183625 0.6407859375 0.1232375 0.6747984375 0.18309375 0.8142156249999999 0.172153125 0.7665203125 0.1183625
4 0.35899375 0.0901890625 0.2218453125 0.09573437500000001 0.2339203125 0.136809375 0.379025 0.1273390625 0.35899375 0.0901890625
4 0.48992812499999994 0.0894609375 0.3658328125 0.093103125 0.3848875 0.13243906249999998 0.5148453125 0.123696875 0.48992812499999994 0.0894609375
4 0.8192734375 0.173959375 0.9438578124999999 0.16303281249999999 0.89158125 0.1113140625 0.7764578125 0.1184859375 0.7762796875 0.1251546875 0.8192734375 0.173959375
4 0.9985765625 0.10840000000000001 0.89923125 0.113025 0.9492312500000001 0.167403125 0.9976 0.16521875 0.9985765625 0.10840000000000001
4 0.6386000000000001 0.12013437499999999 0.6176296875 0.0845703125 0.6126484375000001 0.0845703125 0.49392812499999994 0.0879828125 0.51985625 0.1275609375 0.6386000000000001 0.12013437499999999
4 0.64196875 0.120525 0.7504890625 0.11231875 0.7240140625 0.08339687500000001 0.6210796875 0.0840765625 0.6212609375 0.0880875 0.64196875 0.120525
4 0.8241046875 0.0787078125 0.7305359375 0.080659375 0.7538546875 0.11544531250000001 0.855296875 0.10880156249999999 0.8241046875 0.0787078125
4 0.9533328125 0.10645625 0.9268578125 0.082225 0.9203046875 0.0763625 0.8314718750000001 0.076753125 0.8587046875000001 0.11231875 0.9533328125 0.10645625
4 0.9988921875000001 0.0740171875 0.9268359374999999 0.077240625 0.956165625 0.105675 0.9986312500000001 0.105675 0.9988921875000001 0.0740171875
4 0.999953125 0.023981250000000003 0.0022859375 0.015565625 0.001484375 0.09666406250000001 0.9977765625 0.068759375 0.999953125 0.023981250000000003