4 0.6471359375 0.51953125 0.6184890625 0.529296875 0.4309890625 0.56640625 0.40234375 0.576171875 0.3684890625 0.580078125 0.3346359375 0.591796875 0.2747390625 0.6015625 0.2578125 0.6123046875 0.2604171875 0.6220703125 0.2708328125 0.6318359375 0.2916671875 0.6435546875 0.2916671875 0.6533203125 0.30859375 0.658203125 0.31640625 0.671875 0.3307296875 0.6748046875 0.3333328125 0.6865234375 0.3502609375 0.69140625 0.3541671875 0.7021484375 0.36328125 0.703125 0.375 0.7119140625 0.375 0.7177734375 0.3815109375 0.71875 0.4375 0.7646484375 0.4453125 0.7783203125 0.4583328125 0.7841796875 0.4609375 0.7958984375 0.47265625 0.796875 0.4791671875 0.8017578125 0.4791671875 0.8095703125 0.5 0.8193359375 0.5 0.8271484375 0.5091140625 0.828125 0.5208328125 0.8369140625 0.5208328125 0.8427734375 0.5598953125 0.8701171875 0.5625 0.8798828125 0.5833328125 0.8935546875 0.5859375 0.9033203125 0.6015625 0.9072265625 0.6041671875 0.9208984375 0.625 0.9287109375 0.6263015625 0.939453125 0.640625 0.9423828125 0.9205734375000001 0.771484375 0.9778640624999999 0.734375 0.9973953124999999 0.7138671875 0.9947921875000001 0.6142578125 0.7669265625 0.498046875 0.73828125 0.5 0.6966140625 0.51171875 0.6471359375 0.51953125
4 0.0442703125 0.4365234375 0.0533859375 0.4375 0.08854218750000001 0.4638671875 0.2369796875 0.5947265625 0.25 0.5947265625 0.73828125 0.4921875 0.7395828125 0.4853515625 0.5221359375 0.37890625 0.0299484375 0.41015625 0.0260421875 0.4130859375 0.0286453125 0.4208984375 0.046875 0.4306640625 0.0442703125 0.4365234375
4 0.01953125 0.40234375 0.0546875 0.4013671875 0.4700515625 0.376953125 0.5013015625 0.373046875 0.5052078125 0.3681640625 0.34765625 0.2890625 0.006510937499999999 0.28515625 0.0026046875000000002 0.2880859375 0.0026046875000000002 0.3857421875 0.01953125 0.40234375
4 0 0.2763671875 0.006510937499999999 0.283203125 0.3576390625 0.2864578125 0.2877609375 0.2578125 0.2096359375 0.220703125 0.01171875 0.208984375 0.00390625 0.208984375 0 0.2158203125 0 0.2763671875
4 0.7890625 0.4931640625 0.7955734375 0.5 0.9700515624999999 0.5859375 0.9908859375000001 0.595703125 0.9973953124999999 0.5947265625 0.99609375 0.44921875 0.7890625 0.4931640625
4 0.6028640625 0.40625 0.7708328125 0.4853515625 0.94921875 0.451171875 0.9830734375000001 0.443359375 0.9895828124999999 0.4384765625 0.9388015624999999 0.4140625 0.8033859375000001 0.361328125 0.5950515625 0.373046875 0.5572921875 0.3798828125 0.6028640625 0.40625
4 0.7643234375 0.359375 0.7786453125 0.3525390625 0.6315109375 0.29296875 0.38671875 0.291015625 0.3828125 0.2939453125 0.5325515625 0.37109375 0.5755203125 0.3701171875 0.7643234375 0.359375
4 0.4908859375 0.236328125 0.30078125 0.2265625 0.25 0.2275390625 0.36328125 0.287109375 0.5989578125 0.2900390625 0.6119796875 0.2861328125 0.4908859375 0.236328125
4 0 0.2021484375 0.006510937499999999 0.208984375 0.1927078125 0.2177734375 0.1979171875 0.2158203125 0.1783859375 0.203125 0.10286406249999999 0.16796875 0.0247390625 0.16015625 0 0.1630859375 0 0.2021484375
4 0.4739578125 0.2333984375 0.4596359375 0.22265625 0.3684890625 0.189453125 0.1888015625 0.17578125 0.1614578125 0.1787109375 0.12847187499999999 0.171875 0.23828125 0.22265625 0.4361984375 0.234375 0.4739578125 0.2333984375
4 0.3645828125 0.1865234375 0.29296875 0.158203125 0.08984375 0.134765625 0.06510468750000001 0.1357421875 0.08203125 0.1484375 0.1419265625 0.17578125 0.17578125 0.173828125 0.32421875 0.1875 0.3645828125 0.1865234375
4 0.0416671875 0.1276046875 0.0091140625 0.119140625 0 0.1201171875 0.0013015625 0.158203125 0.09375 0.1650390625 0.11458281249999999 0.1692703125 0.0416671875 0.1276046875
4 0.66796875 0.240234375 0.6263015625 0.224609375 0.5716140625 0.208984375 0.44921875 0.19921875 0.4192703125 0.2001953125 0.51171875 0.23828125 0.671875 0.2451171875 0.66796875 0.240234375
4 0.7916671875 0.2919921875 0.796875 0.2900390625 0.8055562500000001 0.2916671875 0.6809890625 0.24609375 0.5690109375 0.240234375 0.5325515625 0.240234375 0.5286453125 0.2431640625 0.64453125 0.291015625 0.7916671875 0.2919921875
4 0.8385421875000001 0.3544921875 0.9283859375000001 0.349609375 0.9505203124999999 0.3447265625 0.88671875 0.318359375 0.8059890624999999 0.29296875 0.66796875 0.29296875 0.6614578125 0.2958984375 0.8033859375000001 0.35546875 0.8385421875000001 0.3544921875
4 0.9908859375000001 0.4296875 0.9973953124999999 0.4287109375 1 0.3701171875 0.9973953124999999 0.3603515625 0.9830734375000001 0.353515625 0.97265625 0.349609375 0.9309890624999999 0.349609375 0.8229171875000001 0.3603515625 0.9544265624999999 0.416015625 0.9908859375000001 0.4296875