4 0.9057875 1 0.9029999999999999 0.798459375 0.903696875 0.7919546875 0.409834375 0.6209859375 0.2045828125 0.8149625 0.57004375 1 0.9057875 1
4 0.00007968749999999999 0.5465375 0.00007968749999999999 0.7212421875 0.19361250000000002 0.81391875 0.3993859375 0.621915625 0.07744375 0.5121374999999999 0.00007968749999999999 0.5465375
4 0.07251874999999999 0.51144375 0.00036250000000000003 0.48675625 0.00007968749999999999 0.5452265625 0.07251874999999999 0.51144375
4 0.8154296875 0.671875 0.8076171875 0.6770828125 0.802734375 0.6861984375 0.8076171875 0.6927078125 0.8125 0.69140625 0.81640625 0.6809890625 0.8154296875 0.671875
4 0.7704890625 0.6724078125 0.788453125 0.6796703125 0.7971640625 0.6673250000000001 0.8036953125 0.6557062499999999 0.8189375 0.6506234375 0.8309140625 0.6564328125000001 0.8401687499999999 0.6586109375 0.8401687499999999 0.6760390625 0.8842625 0.7239656250000001 0.90059375 0.7196078124999999 0.8967828125 0.6099593750000001 0.518065625 0.5126078125 0.4106640625 0.6172203125 0.8967828125 0.78133125 0.8787359374999999 0.7479281249999999 0.8396234375 0.7413921875 0.8140390625 0.7355828125 0.7900875 0.7196078124999999 0.760690625 0.7058109375 0.760146875 0.6941921875 0.7677671875 0.6847531250000001 0.7704890625 0.6724078125
4 0.5200125 0.5062859375000001 0.538146875 0.511234375 0.5526156249999999 0.51766875 0.5928171875 0.5264046875 0.898190625 0.60480625 0.8958562499999999 0.511234375 0.586796875 0.441946875 0.5200125 0.5062859375000001
4 0.5901046875 0.43804218749999996 0.6086859375 0.4429359375 0.6224140625000001 0.4464 0.719621875 0.46867187499999996 0.895484375 0.50678125 0.8958562499999999 0.44095625 0.6357703124999999 0.391959375 0.5901046875 0.43804218749999996
4 0.2394515625 0.437053125 0.083259375 0.5075062499999999 0.40037500000000004 0.6150484374999999 0.508321875 0.5097171875 0.2394515625 0.437053125
4 0.0005671875 0.391053125 0 0.48371875 0.0770296875 0.508384375 0.23432499999999998 0.438321875 0.0306453125 0.3831015625 0.0005671875 0.391053125
4 0.1563578125 0.348546875 0.0362328125 0.3827625 0.2399515625 0.437053125 0.3454015625 0.389053125 0.1563578125 0.348546875
4 0.2535421875 0.3193453125 0.1617171875 0.347409375 0.34776250000000003 0.38879375 0.4214125 0.35491562499999996 0.2535421875 0.3193453125
4 0.3474796875 0.3908875 0.2448453125 0.43653593749999997 0.5138265625 0.5067484375 0.5811265624999999 0.4410265625 0.3474796875 0.3908875
4 0.42519375000000004 0.3546390625 0.3522546875 0.388925 0.5811984375 0.4386546875 0.629196875 0.39427500000000004 0.42519375000000004 0.3546390625
4 0.9264078124999999 0.8196 0.9356828125 0.9996984375 1 1 0.9978281250000001 0.9143265625 0.9264078124999999 0.8196
4 1 0.821328125 0.999684375 0.6344984375 0.910771875 0.6127171875 0.9203796875 0.753896875 0.9709296875 0.8126671875 1 0.821328125
4 1 0.4596046875 0.9001671874999999 0.4413828125 0.9041218750000001 0.5077984375 1 0.5284171875 1 0.4596046875
4 0.9052 0.5115375 0.90969375 0.606484375 0.9999234375 0.6309390625 0.9999234375 0.53071875 0.9052 0.5115375