1 0.35228125 0.6216828125 0.05243125 0.86851875 0.071771875 0.9992234375000001 0.7258296875 0.9973734375 0.35228125 0.6216828125
1 0.00789375 0.6087281250000001 0.05069375 0.85 0.34950468749999997 0.6142796875000001 0.2161921875 0.4884328125 0.00789375 0.6087281250000001
1 0.3869984375 0.3792421875 0.227778125 0.4796296875 0.3508921875 0.6142796875000001 0.5744671875 0.44031562500000004 0.3869984375 0.3792421875
1 0.109265625 0.37739218750000003 0.000346875 0.4425921875 0.003728125 0.610578125 0.21063749999999998 0.4865828125 0.109265625 0.37739218750000003
4 0.5758546875 0.44586718750000004 0.8633078125000001 0.2182328125 0.6355671875 0.22193437500000002 0.403125 0.3731484375 0.3911640625 0.3792421875 0.5758546875 0.44586718750000004
4 1 0.223784375 0.868403125 0.2203703125 0.5758546875 0.44956874999999996 0.9924531249999999 0.590221875 1 0.223784375
4 0.5453046875 0.1368015625 0.33194375 0.24814843749999999 0.5147546875 0.2941109375 0.7994296875 0.1108921875 0.5453046875 0.1368015625
4 1 0.0849828125 0.812846875 0.109259375 0.6355671875 0.225634375 0.8605296875 0.2182328125 1 0.0849828125
4 0.10648906250000001 0.1867703125 0.059375 0.2018515625 0.3147875 0.2682015625 0.5133656249999999 0.1460546875 0.10648906250000001 0.1867703125
1 0.8299796875000001 0.99936875 0.9980078125 0.7199140625 0.99661875 0.59776875 0.5758546875 0.4460125 0.3666671875 0.61851875 0.75776875 0.99936875 0.8299796875000001 0.99936875
1 0.2161921875 0.3183140625 0.37881875 0.3824078125 0.5230859375 0.29425625 0.3175640625 0.2646453125 0.2161921875 0.3183140625
1 0.2161921875 0.31446874999999996 0.11493125 0.36851875 0.224525 0.4884328125 0.38144374999999997 0.3792421875 0.2161921875 0.31446874999999996
1 0.0203921875 0.24784375 0.20694374999999998 0.31527812499999996 0.310621875 0.2645 0.08288124999999999 0.21082968750000003 0.0203921875 0.24784375
1 0.00381875 0.428703125 0.206471875 0.31631875 0.0148375 0.24784375 0 0.26635 0.00381875 0.428703125