2 0.90635625 0.6660999999999999 0.66006875 0.5629625 0.4133828125 0.7530812499999999 0.7730453125000001 0.9936718750000001 0.90635625 0.6660999999999999
2 0.475871875 0.4865828125 0.19131875 0.6 0.3911640625 0.7364265624999999 0.6355671875 0.5550578125000001 0.475871875 0.4865828125
2 0.625421875 0.4240796875 0.488553125 0.4802171875 0.652940625 0.5493140624999999 0.7683890625 0.46612187499999996 0.625421875 0.4240796875
2 0.7838265625 0.4705953125 0.6765218749999999 0.55518125 0.9106859375 0.651290625 0.9610265625000001 0.5278453125 0.7838265625 0.4705953125
2 0.8496046875 0.41960625 0.7898078125 0.464553125 0.9670671875 0.5206890625 0.9919015625000001 0.46165 0.8496046875 0.41960625
2 0.99995625 0.42855156250000004 1 0.41602812499999997 0.8912203125 0.38740312499999996 0.8586171874999999 0.4119671875 0.9919015625000001 0.458071875 0.99995625 0.42855156250000004
2 0.7200624999999999 0.38650937500000004 0.63624375 0.4197984375 0.773759375 0.4607546875 0.8375234375 0.41602812499999997 0.7200624999999999 0.38650937500000004
2 0.70126875 0.3847203125 0.6220656250000001 0.3641453125 0.609984375 0.3596734375 0.5103703125 0.3884703125 0.6173671875 0.41692343750000005 0.70126875 0.3847203125
2 0.76973125 0.358778125 0.682396875 0.339240625 0.6207234374999999 0.35609531250000004 0.70999375 0.3811421875 0.76973125 0.358778125
2 0.1906234375 0.3827328125 0.00155625 0.411409375 0 0.484709375 0.29600312500000003 0.42656406249999995 0.1906234375 0.3827328125
2 0.380696875 0.353321875 0.20886875 0.3810515625 0.31484843749999997 0.4209171875 0.473325 0.385525 0.39248906250000004 0.3575140625 0.380696875 0.353321875
2 0.4837296875 0.3800875 0.5882828124999999 0.35415312499999996 0.505678125 0.33482500000000004 0.39658906250000003 0.3528921875 0.4837296875 0.3800875
2 0.59528125 0.3517078125 0.66458125 0.3335640625 0.5889125 0.3163359375 0.5126140625 0.33230312500000003 0.59528125 0.3517078125
2 0.4196046875 0.31213437499999996 0.304525 0.3264203125 0.383215625 0.348028125 0.49054374999999995 0.3302015625 0.4278015625 0.3142359375 0.4196046875 0.31213437499999996
2 0.5006796875 0.32963437500000003 0.5797703125 0.31591562500000003 0.5094609375 0.2986875 0.4281171875 0.3108734375 0.5006796875 0.32963437500000003
2 0.42184375 0.3054578125 0.499371875 0.29574687499999996 0.444196875 0.2806203125 0.3549703125 0.2907046875 0.42184375 0.3054578125
2 0.4044703125 0.3091921875 0.343009375 0.294421875 0.22570312499999998 0.3045703125 0.290021875 0.3226390625 0.4044703125 0.3091921875
2 0.342359375 0.28734375 0.435640625 0.28023125000000004 0.3817703125 0.266334375 0.295065625 0.27221562499999996 0.342359375 0.28734375
2 0.0003796875 0.4015953125 0.1810390625 0.378484375 0.097803125 0.34655 0 0.3562140625 0.0003796875 0.4015953125
2 0.2939125 0.3297421875 0.11672031249999999 0.341928125 0.194596875 0.3772234375 0.3680046875 0.3499109375 0.2939125 0.3297421875
2 0.10284843749999999 0.3410875 0.28067031249999996 0.32427968749999997 0.2106765625 0.30537187499999996 0.0350625 0.3150359375 0.10284843749999999 0.3410875
2 0.21332656249999998 0.300728125 0.3330078125 0.29066562500000004 0.2768859375 0.27259687499999996 0.1555015625 0.28352187500000003 0.21332656249999998 0.300728125
2 0.0006953125 0.29990937500000003 0.0268640625 0.31167500000000004 0.1990109375 0.301590625 0.1454125 0.2856234375 0.0006953125 0.2877234375 0.0006953125 0.29990937500000003
2 0.0190484375 0.31532343749999997 0.0008671875000000001 0.3175453125 0.0010781249999999999 0.3455765625 0.0830515625 0.341375 0.0190484375 0.31532343749999997
2 0.08180937499999999 0.26341562500000004 0 0.2638359375 0.0016562500000000002 0.2644640625 0.000465625 0.2840046875 0.13320156249999998 0.2810640625 0.08180937499999999 0.26341562500000004
2 0.0988359375 0.2646765625 0.139821875 0.28064374999999997 0.1427703125 0.28023125000000004 0.2668828125 0.2701390625 0.22526562499999997 0.2562734375 0.0988359375 0.2646765625
2 0.2748171875 0.2702453125 0.3718734375 0.26341562500000004 0.327103125 0.24955 0.23283125 0.255853125 0.2748171875 0.2702453125