1 1 0.21313125 0.3453734375 0.1912203125 0.2793625 0.8926718749999999 0.9910078125 0.914909375 1 0.21313125
2 0.3491625 0.201009375 0.29292656250000004 0.8724578125000001 0.9937203125 0.9027796875 0.9964328124999999 0.21345625 0.3491625 0.201009375
1 0.33288125 0.19495 0.0026625 0.16898437500000002 0.0017578125 0.9027796875 0.27665 0.9128875000000001 0.33288125 0.19495
2 0.00995 0.8858578125 0.2748421875 0.8926718749999999 0.329096875 0.20335 0.008087500000000001 0.1790921875 0.00995 0.8858578125
1 0.33966562499999997 0.1707078125 0.357128125 0 0.0026625 0.007265625 0.0017578125 0.1568546875 0.33966562499999997 0.1707078125
2 0.3491625 0.0070703125 0.0035671875 0.015351562499999999 0.0026625 0.150790625 0.33994843750000003 0.1629203125 0.3491625 0.0070703125
1 1 0.108340625 0.9611671875000001 0 0.36273125 0.0070703125 0.34718125 0.17504843750000001 1 0.197284375 1 0.108340625
2 0.9656890625000001 0.011309375 0.3654453125 0.01313125 0.3526078125 0.17504843750000001 0.9982421875 0.18515625 0.9656890625000001 0.011309375
1 0.2813203125 0.904040625 0.2730328125 0.989459375 0.9991468749999999 1 0.9982421875 0.924771875 0.2813203125 0.904040625
2 0.2881046875 0.9101015625000001 0.2802671875 0.9874375000000001 0.9901031250000001 0.9955234374999999 0.9910078125 0.94094375 0.2881046875 0.9101015625000001
1 0 0.9935015625 0.26399062500000003 0.98339375 0.2731796875 0.9282828125 0 0.906578125 0 0.9935015625
2 0.2677515625 0.9404046875000001 0.000853125 0.9207281249999999 0 0.9732875 0.26399062500000003 0.9914796875 0.2677515625 0.9404046875000001