2 0.4879390625 0.707684375 0.438596875 0.9727625 0.7154609375 0.99465 0.668859375 0.7174125 0.4879390625 0.707684375
2 0.3125 0.7028203125 0.17543906250000002 0.9411484375000001 0.42763125 0.9751953125 0.48245625 0.7101171875000001 0.3125 0.7028203125
2 0 0.9241250000000001 0.16036250000000002 0.938715625 0.3083875 0.7028203125 0.13843125 0.6882296875 0 0.85603125 0 0.9241250000000001
2 0 0.8365765625 0.135690625 0.6882296875 0.0013703125 0.6785015624999999 0 0.8365765625
2 0.99780625 0.9678984375 0.862115625 0.7247078124999999 0.6784546875 0.71984375 0.7291671875 0.9970812499999999 1 1 0.99780625 0.9678984375
2 1 0.963034375 0.999178125 0.7320031250000001 0.875821875 0.727140625 1 0.963034375
2 0.6510421875 0.5714984375000001 0.668859375 0.6882296875 0.84566875 0.6955250000000001 0.78125 0.5714984375000001 0.6510421875 0.5714984375000001
2 0.5180921875 0.5642015625 0.4947921875 0.6760703125 0.6633765625 0.6857984375 0.64281875 0.5714984375000001 0.5180921875 0.5642015625
2 0.3892546875 0.5642015625 0.3316890625 0.67120625 0.48930937500000005 0.680934375 0.512609375 0.5617703125 0.3892546875 0.5642015625
2 0.3851421875 0.5593390625 0.2631578125 0.5593390625 0.16995625 0.6663421875 0.32209374999999996 0.668775 0.3851421875 0.5593390625
2 0.1439140625 0.55690625 0.0219296875 0.6541828125 0.1644734375 0.661478125 0.2617875 0.5593390625 0.1439140625 0.55690625
2 0.01370625 0.661478125 0.14254375 0.5520421875 0.0383765625 0.5471796875 0.0013703125 0.57879375 0 0.6493187500000001 0.01370625 0.661478125
2 1 0.6663421875 0.9183109375 0.57879375 0.788103125 0.5739296875 0.8525218750000001 0.69309375 1 0.7028203125 1 0.6663421875
2 0.43530625 0.4883265625 0.40131562499999995 0.5466921874999999 0.5191890625 0.55155625 0.53125 0.490271875 0.43530625 0.4883265625
2 0.3404609375 0.490271875 0.283990625 0.544746875 0.3980265625 0.5466921874999999 0.43366249999999995 0.4873546875 0.3404609375 0.490271875
2 0.17379375 0.54085625 0.28125 0.543775 0.338815625 0.4854078125 0.25219375 0.4854078125 0.17379375 0.54085625
2 0.24396874999999998 0.4873546875 0.1578953125 0.48638125 0.06469375000000001 0.5398828124999999 0.16885937499999998 0.541828125 0.24396874999999998 0.4873546875
2 0.059759375 0.5398828124999999 0.1529609375 0.4854078125 0.07401250000000001 0.4815171875 0.0005484375 0.517509375 0 0.5379375 0.059759375 0.5398828124999999
2 0.0005484375 0.5145921875 0.067434375 0.48443593749999997 0 0.48249062499999995 0.0005484375 0.5145921875
2 0.5356359375 0.490271875 0.5230265625 0.5535015624999999 0.6430921875 0.5535015624999999 0.6304828125 0.490271875 0.5356359375 0.490271875
2 0.635965625 0.4941640625 0.64638125 0.5544749999999999 0.772478125 0.5603109374999999 0.7357453125 0.4951359375 0.635965625 0.4941640625
2 0.7406796875 0.4941640625 0.7768640625 0.5593390625 0.9057015625 0.56225625 0.842653125 0.4980546875 0.7406796875 0.4941640625
2 1 0.534046875 0.95120625 0.4980546875 0.8475875 0.4980546875 0.908990625 0.565175 1 0.5661484375 1 0.534046875
2 1 0.49708125000000003 0.9577843749999999 0.5 1 0.5330734374999999 1 0.49708125000000003
2 0.30646874999999996 0.44260625 0.23245624999999998 0.43774375 0.15844375 0.4396890625 0.0904609375 0.4737359375 0.171053125 0.47859999999999997 0.175484375 0.4758859375 0.2554828125 0.479571875 0.30646874999999996 0.44260625
2 0.08442968749999999 0.47568124999999994 0.155153125 0.4396890625 0.0855265625 0.4396890625 0.0049343749999999995 0.4747078125 0.00603125 0.4747078125 0.08442968749999999 0.47568124999999994
2 0.0065796875000000005 0.4747078125 0.084978125 0.43871562500000005 0.019737499999999998 0.43677031250000004 0 0.4464984375 0.0005484375 0.4747078125 0.0065796875000000005 0.4747078125
2 0.348684375 0.47859999999999997 0.3843203125 0.441634375 0.30646874999999996 0.44260625 0.258771875 0.47762656249999996 0.348684375 0.47859999999999997
2 0.3865125 0.4396890625 0.3508765625 0.476653125 0.44078906250000005 0.47859999999999997 0.46217031249999996 0.44357968750000004 0.3865125 0.4396890625
2 0.46326718749999996 0.441634375 0.44078906250000005 0.4805453125 0.533990625 0.48249062499999995 0.5427625 0.44260625 0.46326718749999996 0.441634375
2 0.546053125 0.44260625 0.536184375 0.48249062499999995 0.6315796875 0.48249062499999995 0.6244515625 0.44357968750000004 0.546053125 0.44260625
2 0.6332234375 0.4834625 0.7319078125 0.4854078125 0.7083328125 0.4464984375 0.6266453125 0.44552500000000006 0.6332234375 0.4834625
2 0.7121703125 0.44552500000000006 0.733553125 0.48638125 0.8333328124999999 0.48929999999999996 0.793859375 0.44552500000000006 0.7121703125 0.44552500000000006
2 0.7993421875 0.44552500000000006 0.8371703125 0.4854078125 0.9375 0.4883265625 0.8804828125 0.44747031249999997 0.7993421875 0.44552500000000006
2 1 0.46498125 0.96655625 0.44747031249999997 0.8865125 0.44747031249999997 0.940240625 0.48929999999999996 1 0.490271875 1 0.46498125
2 0.8393640625 0.4134234375 0.8755484375 0.441634375 0.9566890625 0.44260625 0.9078953125 0.4124515625 0.8393640625 0.4134234375
2 0.7631578125 0.4124515625 0.7883765625 0.4406609375 0.875 0.44357968750000004 0.8322375 0.41050624999999996 0.7631578125 0.4124515625
2 0.6918859375 0.41147812500000003 0.7072375 0.43871562500000005 0.7883765625 0.441634375 0.7582234375 0.41050624999999996 0.6918859375 0.41147812500000003
2 0.620065625 0.41147812500000003 0.625 0.43871562500000005 0.70504375 0.4406609375 0.6880484375 0.41147812500000003 0.620065625 0.41147812500000003
2 0.622259375 0.43871562500000005 0.6178734375 0.41147812500000003 0.55263125 0.41050624999999996 0.543859375 0.43871562500000005 0.622259375 0.43871562500000005
2 0.48245625 0.41147812500000003 0.4671046875 0.43677031250000004 0.5427625 0.43871562500000005 0.54879375 0.41147812500000003 0.48245625 0.41147812500000003
2 0.417215625 0.4095328125 0.39254375 0.43774375 0.4594296875 0.4396890625 0.4808109375 0.4085609375 0.417215625 0.4095328125
2 0.3530703125 0.41050624999999996 0.3179828125 0.434825 0.387609375 0.43774375 0.4155703125 0.4085609375 0.3530703125 0.41050624999999996
2 0.2850875 0.4075875 0.2456140625 0.4357984375 0.315240625 0.43677031250000004 0.3492328125 0.41050624999999996 0.2850875 0.4075875
2 0.1716015625 0.4338515625 0.24232499999999998 0.43774375 0.28344375 0.4095328125 0.2231359375 0.41050624999999996 0.1716015625 0.4338515625
2 0.108553125 0.4328796875 0.16995625 0.43677031250000004 0.2220390625 0.4095328125 0.1617328125 0.4085609375 0.108553125 0.4328796875
2 0.1003296875 0.4075875 0.036184375000000005 0.4338515625 0.10087656250000002 0.434825 0.1595390625 0.4085609375 0.1003296875 0.4075875
2 0 0.43190625000000005 0.0345390625 0.4357984375 0.1003296875 0.4075875 0.0405703125 0.4095328125 0 0.4231515625 0 0.43190625000000005
2 0.6825546874999999 0.2879375 0.046053125 0.29572031249999997 0.0005484375 0.29669218750000004 0.0005484375 0.40466875 0.9007671875 0.41050624999999996 0.6825546874999999 0.2879375