1 0.263665625 0.5492250000000001 0.02059375 0.921628125 0.5106171875000001 0.9175203125 0.5269515625000001 0.5477140625 0.263665625 0.5492250000000001
1 1 0.849721875 0.820965625 0.539496875 0.547740625 0.5456609375 0.5421859375 0.9249562499999999 0.997671875 0.9277921875 1 0.849721875
1 0.5373453125000001 0.5436062500000001 0.809565625 0.5245875 0.719990625 0.3854109375 0.5373453125000001 0.391575 0.5373453125000001 0.5436062500000001
1 0.5265890625 0.5399859375 0.5358609375000001 0.3854109375 0.3680640625 0.395684375 0.26115 0.5415515625 0.5265890625 0.5399859375
1 0.3576703125 0.3936296875 0.20769375 0.3833578125 0.0176234375 0.5497687499999999 0.252525 0.5492250000000001 0.3576703125 0.3936296875
1 0.727415625 0.395684375 0.8184781250000001 0.5276671875 1 0.51484375 0.9100609375 0.3977390625 0.727415625 0.395684375
1 0.9932171875 0.8024687500000001 0.9887625 0.5477140625 0.8385328124999999 0.5492250000000001 0.9932171875 0.8024687500000001
1 0.004259375 0.5600421875 0 0.9257375 0.2436125 0.5584640624999999 0.004259375 0.5600421875
1 0 0.5559328125 0.1812234375 0.39215625 0.0413828125 0.3895203125 0.010198437500000001 0.4223921875 0 0.5559328125
2 0.0324734375 0.9154656250000001 0.5065359375 0.90031875 0.5284359375000001 0.5497687499999999 0.27154531249999997 0.5415515625 0.0324734375 0.9154656250000001
2 0.9902468750000001 0.8599953125 0.8254203125 0.5415515625 0.55555625 0.5584640624999999 0.5492250000000001 0.9257375 0.9902468750000001 0.9236828125000001 0.9902468750000001 0.8599953125
2 0.8595734374999999 0.5518234375 0.985590625 0.7648078125 0.98430625 0.5579875000000001 0.8595734374999999 0.5518234375
2 0.001365625 0.9106078125 0.22948437500000002 0.5644859375 0.00995 0.56088125 0.001365625 0.9106078125
2 0.35114531250000003 0.39434843750000004 0.19309218749999998 0.395915625 0.026165624999999998 0.5463640625 0.2512765625 0.539765625 0.35114531250000003 0.39434843750000004
2 0.37050937500000003 0.399875 0.2810109375 0.5367890625 0.523128125 0.543725 0.535528125 0.395915625 0.37050937500000003 0.399875
2 0.5472328125 0.3963265625 0.5450671875 0.53580625 0.797840625 0.5278875000000001 0.7196234375 0.394596875 0.5472328125 0.3963265625
2 0.7476140625000001 0.40226249999999997 0.8216875 0.522609375 0.995290625 0.5054531250000001 0.9018124999999999 0.399875 0.7476140625000001 0.40226249999999997
2 0.0080421875 0.5384453125 0.168290625 0.39723593749999997 0.044846875 0.39434843750000004 0.0080421875 0.5384453125