4 0.9724937499999999 0.20616249999999997 0.5513328125 0.1739484375 0.3967640625 0.34332656250000004 0.8686046875000001 0.4367015625 0.9724937499999999 0.20616249999999997
1 0.8637234375 0.45190156249999996 0.3938796875 0.3493921875 0.107153125 0.58870625 0.6147875 0.93831875 0.8637234375 0.45190156249999996
2 0.85070625 0.4497296875 0.3987625 0.355903125 0.12667656249999998 0.5843625 0.6196671874999999 0.9296328125000001 0.85070625 0.4497296875
1 0.0013953125 0.499675 0.11203437499999999 0.6017359375 0.39025625 0.345496875 0.1608453125 0.2890390625 0 0.40847187500000004 0.0013953125 0.499675
2 0.0111578125 0.4866453125 0.11366093749999999 0.5691625 0.369465625 0.35264687499999997 0.1640984375 0.29555312499999997 0.00465 0.423671875 0.0111578125 0.4866453125
1 0.5350625 0.1761203125 0.3206375 0.18012187500000001 0.17874218749999998 0.27818125 0.3837484375 0.34332656250000004 0.5350625 0.1761203125
2 0.5236734375000001 0.1761203125 0.3255203125 0.18663125 0.1950125 0.2825234375 0.382121875 0.32161093749999997 0.5236734375000001 0.1761203125
1 0.30490625 0.1726859375 0.176440625 0.17338437499999998 0.033578125 0.2611359375 0.157771875 0.2903859375 0.30490625 0.1726859375
2 0.2842 0.1775578125 0.1788765625 0.17555156249999998 0.037637500000000004 0.2611359375 0.157771875 0.28496875 0.2842 0.1775578125
1 0.025984374999999997 0.2685015625 0.0035453125000000003 0.2838859375 0.0011109375 0.3976375 0.1529015625 0.2936359375 0.025984374999999997 0.2685015625
2 0.0077140625 0.2879890625 0.0011109375 0.3900546875 0.14803125 0.29146875 0.0319546875 0.266553125 0.0077140625 0.2879890625
1 0.5956984375000001 1 0.607084375 0.9726890625 0.1088453125 0.6058234375 0.003584375 0.704203125 0.003584375 0.9946406250000001 0.5956984375000001 1
2 0.598228125 0.9794437500000001 0.12023593749999999 0.6235421875 0.0061140625 0.700825 0.00864375 0.9980171875 0.598228125 0.9794437500000001