2 0.2792984375 1 0.2927 0.9413750000000001 0.30152812500000004 0.90246875 0.3161640625 0.8347859375000001 0.3303890625 0.7656734375 0.3508203125 0.6775562500000001 0.365015625 0.6099828125 0.3922203125 0.4797328125 0.3312390625 0.47938749999999997 0 0.472425 0 1 0.2792984375 1
2 0.190584375 0.2000859375 0.199359375 0.18875 0.1208953125 0.190853125 0 0.1930296875 0.00016875 0.462084375 0.005434375 0.453146875 0.06353125 0.3729328125 0.089865625 0.3376484375 0.1809296875 0.21294531249999998 0.190584375 0.2000859375
2 0.45011875 0.20343593750000002 0.4537796875 0.18426875 0.4423828125 0.1842 0.2880859375 0.1866234375 0.20124843750000002 0.189140625 0.14453125 0.2678171875 0.0046984375 0.459546875 0.0226140625 0.4613828125 0.382621875 0.46676875000000007 0.3952734375 0.46670937500000004 0.3987515625 0.45267187499999995 0.41796875 0.35507187500000004 0.45011875 0.20343593750000002
2 0 0.1636 0.008865625 0.1564890625 0.0212359375 0.147271875 0.0849609375 0.0969484375 0.1029359375 0.0820796875 0.1206140625 0.0669640625 0.0825671875 0.06879687500000001 0 0.07139218750000001 0 0.1636
2 0.12293281250000002 0.06624375 0.0003421875 0.1645 0.0003421875 0.18789375 0.013671875 0.1878359375 0.2089625 0.1822578125 0.2605484375 0.11351718749999999 0.29844375 0.061631250000000005 0.12293281250000002 0.06624375
2 0.299025 0.061271874999999996 0.21875 0.17086874999999999 0.2106296875 0.18112187500000002 0.2265625 0.1805640625 0.45250312499999995 0.1778828125 0.455078125 0.16602343749999998 0.48380156249999995 0.0591125 0.299025 0.061271874999999996
4 0.48528593750000004 0.0592125 0.45514687499999995 0.1758234375 0.7185875 0.1772625 0.712890625 0.1636 0.681640625 0.07876875 0.6742453125 0.055254687499999997 0.48528593750000004 0.0592125
4 0.676378125 0.054534375 0.716796875 0.16602343749999998 0.7212984375 0.1761828125 0.9787359375 0.176903125 0.9712015624999999 0.170425 0.9599609375 0.157540625 0.8662109375 0.0533203125 0.676378125 0.054534375
4 0.822665625 0.1822140625 0.724709375 0.1822140625 0.73828125 0.21934375 0.7936953124999999 0.3789359375 0.8268906250000001 0.46624218749999996 0.9155734375 0.463003125 0.999909375 0.459765625 1 0.20092812499999999 0.986509375 0.18329375 0.822665625 0.1822140625
4 1 0.47790625000000003 0.8522531250000001 0.47862499999999997 0.8316765625 0.47970468750000006 0.8847093750000001 0.6251109375 0.8954328125 0.6549828125 0.9102124999999999 0.701221875 0.9800578124999999 0.8925453125 1 0.9461734375 1 0.47790625000000003
4 1 1 0.9887375 0.9660890625 0.9609375 0.8931296874999999 0.91015625 0.7355890625 0.90234375 0.7258953125 0.849609375 0.561084375 0.8248859375 0.4813953125 0.3997109375 0.4817359375 0.38546562500000003 0.555028125 0.355753125 0.69446875 0.34679375 0.7395234375 0.32287656249999996 0.8430562500000001 0.296828125 0.9689171875 0.2915375 0.9997515625 0.8682578124999999 1 1 1
4 0.423828125 0.3671890625 0.40513750000000004 0.46660312499999995 0.8166359375000001 0.46660312499999995 0.7820390625 0.3685421875 0.7161015625 0.1855640625 0.45927187500000005 0.1855640625 0.423828125 0.3671890625