1 0.64930625 0.4969140625 0.3125 0.5030859375000001 0.1331015625 0.9984562499999999 0.78819375 1 0.64930625 0.4969140625
2 0.6504624999999999 0.5 0.3101859375 0.5046296875 0.1365734375 0.9969140624999999 0.7800921875 0.9938265625 0.6504624999999999 0.5
1 0 0.4969140625 0.1446765625 0.4969140625 0.277778125 0.3040125 0.055556249999999995 0.30555625000000003 0.04976875 0.3163578125 0 0.3549375 0 0.4969140625
1 0.5011578125 0.30246875 0.2800921875 0.30555625000000003 0.15162031250000002 0.49845625 0.49305625 0.49074062500000004 0.5011578125 0.30246875
1 0.7233796875 0.2993828125 0.5057875000000001 0.3040125 0.503471875 0.4845671875 0.8344906249999999 0.48148125 0.7233796875 0.2993828125
1 1 0.4845671875 0.9988421875 0.3425921875 0.9479171875000001 0.293209375 0.72569375 0.2978390625 0.847221875 0.48919687500000003 1 0.4845671875
1 0.1657984375 0.3067125 0.25694374999999997 0.2164359375 0.098090625 0.215278125 0.0008687500000000001 0.2731484375 0 0.30324062500000004 0.1657984375 0.3067125
1 0.4236109375 0.21180625000000003 0.2638890625 0.21412031250000002 0.1736109375 0.3020828125 0.38975624999999997 0.3020828125 0.4236109375 0.21180625000000003
1 0.58680625 0.2129625 0.42274375 0.21180625000000003 0.3958328125 0.3043984375 0.61024375 0.2986109375 0.58680625 0.2129625
1 0.9114578124999999 0.20486093749999998 0.7526046875 0.2083328125 0.8368062500000001 0.2928234375 0.9991312499999999 0.2916671875 0.9991312499999999 0.25925937499999996 0.9114578124999999 0.20486093749999998
1 0.746528125 0.209490625 0.58680625 0.2129625 0.61631875 0.2986109375 0.8298609375 0.29398124999999997 0.746528125 0.209490625
2 0.0017359375 0.4976859375 0.14149375 0.49652812500000004 0.27256874999999997 0.30555625000000003 0.0572921875 0.3067125 0 0.3541671875 0.0017359375 0.4976859375
2 0.4973953125 0.30324062500000004 0.28125 0.3067125 0.1579859375 0.4942125 0.49131875 0.49074062500000004 0.4973953125 0.30324062500000004
2 0.723090625 0.3020828125 0.5052078125 0.3043984375 0.503471875 0.483796875 0.8359375 0.4826390625 0.723090625 0.3020828125
2 1 0.4791671875 0.9973953124999999 0.3449078125 0.9444437499999999 0.2986109375 0.7326390625 0.29976875000000003 0.848090625 0.48148125 1 0.4791671875
2 0.9983968750000001 0.2895296875 0.9983968750000001 0.2617515625 0.9142625000000001 0.207265625 0.7556093749999999 0.2094015625 0.8349359375000001 0.29059843750000003 0.9983968750000001 0.2895296875
2 0.7475968749999999 0.2094015625 0.5889421875 0.213675 0.615384375 0.2991453125 0.8261218749999999 0.2916671875 0.7475968749999999 0.2094015625
2 0.5849359375 0.21260625000000002 0.4270828125 0.21474375 0.3974359375 0.3012828125 0.608975 0.3002140625 0.5849359375 0.21260625000000002
2 0.4190703125 0.213675 0.2588140625 0.2168796875 0.173878125 0.30235 0.38701875 0.2991453125 0.4190703125 0.213675
2 0.0008015625 0.30341874999999996 0.165865625 0.3012828125 0.25160312500000004 0.2168796875 0.0985578125 0.21581250000000002 0.0032046875 0.276709375 0.0008015625 0.30341874999999996
2 0.2900640625 0.1752140625 0.25400625 0.21047031249999998 0.4919875 0.21047031249999998 0.49439062500000003 0.1762828125 0.2900640625 0.1752140625
2 0.076121875 0.17735 0.0088140625 0.21260625000000002 0.2451921875 0.21474375 0.2820515625 0.17735 0.076121875 0.17735
2 0.70673125 0.1741453125 0.5024031250000001 0.1752140625 0.49919843750000004 0.2094015625 0.7331734375 0.206196875 0.70673125 0.1741453125
2 0.91826875 0.170940625 0.7083328125 0.1720078125 0.7411859375 0.20512812500000002 0.983975 0.2019234375 0.91826875 0.170940625
1 0.5 0.17735 0.497596875 0.21153906249999999 0.7411859375 0.2083328125 0.7043265625 0.1730765625 0.5 0.17735
1 0.98076875 0.2019234375 0.9198718749999999 0.170940625 0.7075328125 0.1730765625 0.7411859375 0.20512812500000002 0.98076875 0.2019234375
1 0.2876609375 0.1752140625 0.2508015625 0.21047031249999998 0.49118593749999995 0.21047031249999998 0.4935890625 0.1794875 0.2876609375 0.1752140625
1 0.2876609375 0.1741453125 0.077725 0.1762828125 0.0088140625 0.21260625000000002 0.25 0.21153906249999999 0.2876609375 0.1741453125