4 0.30557500000000004 1 0.2994015625 0.9563046875 0.2888671875 0.8836468749999999 0.2786953125 0.81761875 0.2612609375 0.681371875 0.248546875 0.5945453125 0.2430984375 0.5579453125 0.232928125 0.481734375 0.223846875 0.41842968750000004 0.20859062499999997 0.4216984375 0.1940609375 0.42769375 0.1835265625 0.4309640625 0.1595515625 0.4375046875 0.12468125000000001 0.44676875000000005 0.09780156250000001 0.45657812499999995 0.0775109375 0.4639375 0 0.484371875 0.00036250000000000003 0.4917546875 0 1 0.1591890625 1 0.30557500000000004 1
4 0.0009765625 0 0.0004265625 0.0903796875 0.01225 0.08771875 0.167446875 0.0456 0.17269218749999998 0.0365875 0.1692203125 0.007015625 0.1680390625 0 0.0009765625 0
4 0 0.46904531250000003 0.009934374999999999 0.4677015625 0.1904296875 0.4099375 0.22119062500000003 0.4013765625 0.1827203125 0.1342625 0.174221875 0.07453125000000001 0.105646875 0.0899671875 0 0.11882656250000001 0 0.46904531250000003
4 0.184071875 0 0.1939140625 0.0352109375 0.2001953125 0.038065625 0.20703125 0.036601562500000004 0.35047812500000003 0 0.184071875 0
4 0.40820937500000004 1 1 0.9970281249999999 0.9990234375 0.77888125 0.4677734375 0.9779953125 0.435734375 0.9906484375 0.40820937500000004 1
1 1 0.1796984375 0.9389218749999999 0.1982421875 0.9053156250000001 0.208478125 0.8678250000000001 0.220759375 0.844578125 0.226825 0.8243625 0.2347859375 0.8064218750000001 0.2404734375 0.7940406249999999 0.241990625 0.7763515625 0.24805625 0.764475 0.25184687499999997 0.7475453125 0.25677500000000003 0.72733125 0.262840625 0.7005453125 0.27231875 0.6734875 0.2806453125 0.6499828125 0.28785 0.6103109375 0.2980859375 0.5721546875 0.3102171875 0.5185546875 0.32795 0.4423828125 0.3513765625 0.40325468750000004 0.3610578125 0.3704046875 0.37243125 0.26723906249999996 0.4020015625 0.2396953125 0.40882500000000005 0.24146562500000002 0.4201984375 0.24348593749999997 0.436121875 0.2540984375 0.5145453125 0.2578890625 0.5395671875 0.2616796875 0.56788125 0.274065625 0.6509453125 0.2778546875 0.6793796875 0.2849953125 0.73763125 0.2928265625 0.7820640625 0.302178125 0.8482015625000001 0.30824843749999997 0.8924687499999999 0.3120390625 0.9258312500000001 0.3163421875 0.9573750000000001 0.321596875 1 0.359246875 0.99945625 0.389871875 0.9888421875000001 0.4201453125 0.9763296875 0.472665625 0.9581609375 0.535771875 0.9339875 0.600221875 0.906790625 0.6660140625000001 0.8826171875 0.7378484375000001 0.8574375 0.8640609375 0.8100953125 0.9157546875 0.7939812500000001 0.9983296875000001 0.7597343750000001 1 0.41740781250000003 1 0.3267578125 1 0.1796984375
1 1 0 0.4736328125 0.002928125 0.427215625 0.0002984375 0.3080546875 0.0364671875 0.195334375 0.065559375 0.19509375 0.08607187499999999 0.2022515625 0.1410796875 0.22300625 0.2821 0.226346875 0.3165734375 0.23565 0.38636875000000004 0.23755781250000002 0.3985375 0.258075 0.39316874999999996 0.3148515625 0.3767046875 0.3449109375 0.366325 0.3896484375 0.3484484375 0.505496875 0.3123875 0.5439453125 0.3015984375 0.9061718750000001 0.1896578125 0.94744375 0.1778453125 0.982271875 0.1674828125 1 0.1639046875 1 0.0073203124999999996 1 0
3 0.283203125 0.395703125 0.12578125 0.16328125
3 0.511328125 0.271875 0.05390625 0.06875
3 0.976953125 0.16953125 0.04453125 0.0765625
3 0.31171875 0.5015625 0.0859375 0.15
3 0.7203125 0.25390625 0.3375 0.1421875
3 1 0.1172453125 0.5570453125 0.1972390625 0.4220171875 0.23952656249999998 0.334265625 0.255478125 0.27266875 0.24688125 0.22396406249999998 0.2905828125 0.2204828125 0.364371875 0.22764531250000003 0.4159515625 0.24769999999999998 0.4500875 0.28780937500000003 0.48232656250000006 0.3240984375 0.487340625 0.3675515625 0.46011875 0.376878125 0.4063875 0.5019812499999999 0.3583890625 0.5023546875 0.3591046875 0.6217609375 0.330578125 0.775896875 0.2835140625 1 0.21617187499999999 1 0.1172453125