3 0.2044984375 0.3896453125 0.3844578125 0.75476875 0.8282203125 0.6866484374999999 0.6134968749999999 0.4005453125 0.2044984375 0.3896453125
4 0 0.8228890625 0.38036875000000003 0.75476875 0.19631875000000001 0.3869203125 0 0.378746875 0 0.8228890625
4 0.5051125 1 0.3824125 0.7738421875 0.004090625 0.8392375 0 1 0.5051125 1
4 0.9918203125 0.9972749999999999 1 0.8937328125 0.8445812500000001 0.6920984375 0.40899843750000003 0.7683921875 0.511246875 0.9945499999999999 0.9918203125 0.9972749999999999
4 0.5562375 0.31880156249999997 0.006134375 0.2724796875 0 0.378746875 0.6094062499999999 0.3978203125 0.5562375 0.31880156249999997
4 0.993865625 0.5040875 0.82413125 0.326975 0.5644171874999999 0.3160765625 0.8425359374999999 0.6893734375 0.9979546875 0.662125 0.993865625 0.5040875
4 0.9979546875 0.8964578124999999 0.9979546875 0.662125 0.86503125 0.708446875 0.9979546875 0.8964578124999999
4 0.0122703125 0 0.14723906250000002 0.2806546875 0.5501015625 0.3160765625 0.35991875 0.0626703125 0.0122703125 0
4 0.623721875 0.1062671875 0.3680984375 0.0626703125 0.5480578125 0.3160765625 0.8261765625 0.33515 0.623721875 0.1062671875
4 0.8220859375 0.1471390625 0.633946875 0.11444218749999999 0.8364015625000001 0.33515 1 0.3297 0.8220859375 0.1471390625
4 0.3619625 0.0681203125 0.32106406249999997 0.002725 0.067484375 0 0.3619625 0.0681203125
4 0.32924375 0.002725 0.366053125 0.0626703125 0.62985625 0.1117171875 0.5296531250000001 0 0.32924375 0.002725
4 0.5378328125 0 0.62985625 0.1117171875 0.8179953125000001 0.1498640625 0.6666671875 0.008175 0.5378328125 0
4 1 0.035421875000000005 0.72188125 0 0.9959093749999999 0.25613125000000003 1 0.035421875000000005