1 0.50078125 0.537890625 0.9796875 0.76953125
3 0.813671875 0.581640625 0.24296875 0.18828125
3 0.565234375 0.58359375 0.22109375 0.1859375
3 0.314453125 0.58359375 0.21953125 0.1953125
3 0.0921875 0.58203125 0.146875 0.1796875
3 0.12578125 0.2984375 0.2046875 0.1
3 0.34296875 0.309375 0.1859375 0.08125
3 0.57578125 0.375 0.1765625 0.2125
3 0.80234375 0.39140625 0.2328125 0.1640625
3 0.2890625 0.798046875 0.240625 0.21484375
3 0.5578125 0.8046875 0.234375 0.221875
3 0.8328125 0.808984375 0.2625 0.22734375