1 0.875 0.10694375 0.861328125 0.1208328125 0.861328125 0.1486109375 0.880859375 0.6013890625 0.87890625 0.7458328125 0.888671875 0.8736109375 0.88671875 0.9791671875000001 0.8916015625 0.99444375 0.986328125 0.9930562500000001 0.984375 0.7236109374999999 0.96484375 0.07638906250000001 0.9501953125 0.052778124999999995 0.8935546875 0.055556249999999995 0.8876953125 0.06388906250000001 0.8857421875 0.055556249999999995 0.875 0.06527812499999999 0.875 0.10694375
1 0.11328125 0.9958328125 0.119140625 0.9930562500000001 0.12109375 0.9763890625 0.123046875 0.9041671875 0.12890625 0.1763890625 0.1220703125 0.1583328125 0.0029296875 0.15555625 0 0.9930562500000001 0.11328125 0.9958328125
1 0.130859375 0.990278125 0.1396484375 0.9972218749999999 0.234375 0.9958328125 0.3115234375 0.99444375 0.3203125 0.9875 0.31640625 0.1736109375 0.3095703125 0.1611109375 0.1376953125 0.1583328125 0.130859375 0.18472187499999998 0.12890625 0.9763890625 0.130859375 0.990278125
1 0.2236328125 0.125 0.3271484375 0.122221875 0.3359375 0.13194375 0.333984375 0.15972187499999999 0.32421875 0.1763890625 0.326171875 0.83194375 0.33203125 0.9875 0.3740234375 0.99444375 0.3779296875 0.977778125 0.3798828125 0.9888890625 0.3896484375 0.9888890625 0.390625 0.9708328125 0.3974609375 0.977778125 0.4033203125 0.9666671875 0.4091796875 0.9916671875 0.4169921875 0.9916671875 0.4248046875 0.9694437499999999 0.4267578125 0.9888890625 0.4326171875 0.975 0.4716796875 0.9916671875 0.4814453125 0.975 0.4853515625 0.9916671875 0.517578125 0.9930562500000001 0.509765625 0.19305624999999998 0.505859375 0.1375 0.49609375 0.11527812500000001 0.0029296875 0.1111109375 0 0.11805625 0.0068359375 0.122221875 0.1748046875 0.1166671875 0.2236328125 0.125
1 0.708984375 0.8041671875 0.7060546875 0.9333328125 0.701171875 0.915278125 0.685546875 0.1736109375 0.6806640625 0.1611109375 0.6669921875 0.15555625 0.6455078125 0.1166671875 0.5244140625 0.1138890625 0.517578125 0.1458328125 0.517578125 0.3513890625 0.529296875 0.990278125 0.5341796875 0.9972218749999999 0.6982421875 0.9972218749999999 0.703125 0.990278125 0.703125 0.9458328125 0.7080078125 0.9416671875 0.7177734375 0.9972218749999999 0.869140625 0.9958328125 0.876953125 0.990278125 0.876953125 0.959721875 0.85546875 0.11527812500000001 0.7431640625 0.1138890625 0.734375 0.11805625 0.7314453125 0.15277812500000001 0.6953125 0.16805625 0.708984375 0.8041671875
3 0.33506874999999997 0.1629625 0.33506874999999997 0.9753093749999999 0.515625 0.9703703125 0.50868125 0.1506171875 0.33506874999999997 0.1629625
3 0.52430625 0.1530859375 0.5295140625 0.9679015625 0.699653125 0.9629625 0.6822921875 0.1654328125 0.52430625 0.1530859375
3 0.8506937499999999 0.175309375 0.7048609375 0.175309375 0.7204859375 0.980246875 0.878471875 0.980246875 0.8506937499999999 0.175309375
3 0.3229171875 0.180246875 0.1354171875 0.1851859375 0.13194375 0.9679015625 0.31944374999999997 0.9555562500000001 0.3229171875 0.180246875
3 0.11631875 0.980246875 0.11805625 0.1506171875 0.00694375 0.1506171875 0.0017359375 0.977778125 0.11631875 0.980246875
3 0.890625 0.9580249999999999 0.9861109375 0.9580249999999999 0.9670140625 0.1481484375 0.862846875 0.143209375 0.890625 0.9580249999999999