5 0.211328125 0.316796875 0.07890625 0.09921875
5 0.449609375 0.321484375 0.22109375 0.20234375
0 0.70234375 0.2546875 0.1078125 0.29375
0 0.9625 0.146875 0.06875 0.19375
5 0.1171875 0.530859375 0.134375 0.12109375
5 0.4671875 0.553125 0.140625 0.178125
5 0.2625 0.843359375 0.2125 0.15234375
0 0.766015625 0.535546875 0.05703125 0.17109375
5 0.96796875 0.61640625 0.0640625 0.1296875
5 0.570703125 0.162109375 0.06015625 0.10859375
0 0.8375 0.269140625 0.0625 0.26015625
5 0.279296875 0.56171875 0.15859375 0.1859375
5 0.551953125 0.725390625 0.06015625 0.09765625
5 0.828125 0.86875 0.1 0.0625
5 0.965234375 0.75625 0.05859375 0.103125
5 0.380859375 0.149609375 0.03046875 0.03359375
1 1 0.1757328125 0.9764843750000001 0.0398078125 0.0454765625 0.10585625000000001 0 0.3238578125 0 0.4493265625 1 0.4022765625 1 0.1757328125
0 0.87421875 0.556640625 0.0390625 0.14453125
5 0.732421875 0.24609375 0.03671875 0.0890625
5 0.5859375 0.38125 0.028125 0.053125
0 0.70625 0.60390625 0.034375 0.1796875
1 1 0.4233296875 0.0001234375 0.468478125 0 0.9443765624999999 1 0.9356640625000001 1 0.4233296875