5 0.06328125 0.28671875 0.1171875 0.1546875
5 0.323046875 0.325 0.14609375 0.15
5 0.571875 0.14296875 0.11875 0.1140625
5 0.71484375 0.383984375 0.1671875 0.16171875
5 0.825 0.2140625 0.084375 0.115625
5 0.26328125 0.619140625 0.0984375 0.18203125
5 0.78203125 0.634375 0.1109375 0.08125
5 0.9296875 0.808984375 0.103125 0.09296875
5 0.48515625 0.793359375 0.1078125 0.10234375
5 0.220703125 0.96015625 0.10703125 0.0765625
1 1 0.59040625 0.8589296875000001 0 0.6084796875 0.00006562500000000001 0 0.1519671875 0 0.416065625 0.1253859375 0.9977750000000001 0.47735625 0.9925984375000001 1 0.8873031250000001 1 0.59040625