1 0.001159375 0.9977296875 0.6324390625 1 0.48846249999999997 0.40246250000000006 0.09723125 0.39976406249999996 0 0.7756859375 0.001159375 0.9977296875
1 0.9979171875 0.9914296874999999 1 0.6323796875000001 0.839175 0.39773749999999997 0.5032296875 0.40088749999999995 0.664434375 1 0.9979171875 0.9914296874999999
1 0.999990625 0.387340625 1 0.2639421875 0.87078125 0.157203125 0.6668406250000001 0.15288437500000002 0.8423343750000001 0.387340625 0.999990625 0.387340625
1 0.5639828125 0.029914062499999998 0.399146875 0.0225078125 0.430915625 0.139121875 0.6498015625 0.144675 0.5639828125 0.029914062499999998
1 0.17559843749999998 0.12719843749999998 0.4156984375 0.1352203125 0.3843609375 0.02169375 0.210484375 0.013257812499999999 0.17559843749999998 0.12719843749999998
4 0.1973875 0.0120828125 0.00795625 0.0016953125 0.0015609375 0.119509375 0.16460312500000002 0.12684375 0.1973875 0.0120828125
4 0.0006796875 0.38227656250000003 0.0884265625 0.38412812500000004 0.161228125 0.1293109375 0.0109703125 0.12271093749999999 0.0006796875 0.1348640625 0.0006796875 0.38227656250000003
4 0.4154484375 0.1426375 0.177759375 0.134615625 0.1044765625 0.3820296875 0.478125 0.3851140625 0.4154484375 0.1426375
4 0.65258125 0.148190625 0.43651875 0.14583437500000002 0.496371875 0.3832625 0.8285578125 0.3851140625 0.65258125 0.148190625
4 0.727471875 0.0380265625 0.5765671875 0.035559375 0.662384375 0.1478515625 0.8643968750000001 0.1534046875 0.727471875 0.0380265625
5 0.121875 0.600390625 0.103125 0.11640625
5 0.207421875 0.425390625 0.12109375 0.05078125
5 0.251953125 0.54296875 0.13203125 0.1109375
5 0.378515625 0.523828125 0.10390625 0.14453125
5 0.426953125 0.772265625 0.18515625 0.21015625
5 0.6328125 0.542578125 0.121875 0.11640625
5 0.72421875 0.47890625 0.1234375 0.0984375
5 0.673046875 0.809765625 0.15234375 0.16640625
5 0.88671875 0.77421875 0.1484375 0.1859375
5 0.7890625 0.434765625 0.09375 0.05703125
5 0.747265625 0.168359375 0.06328125 0.02421875
5 0.8390625 0.185546875 0.065625 0.03671875
5 0.773046875 0.248828125 0.04921875 0.04765625
5 0.839453125 0.233203125 0.05078125 0.04453125
5 0.9 0.233984375 0.04375 0.03046875
5 0.898828125 0.279296875 0.05390625 0.02734375
5 0.917578125 0.338671875 0.05390625 0.04609375
5 0.458203125 0.053125 0.03828125 0.025
5 0.521875 0.06953125 0.05625 0.0328125
5 0.5734375 0.06875 0.028125 0.025
5 0.438671875 0.083203125 0.03359375 0.03828125
5 0.459375 0.12421875 0.04375 0.0203125
5 0.3421875 0.091796875 0.01875 0.02421875
5 0.3734375 0.0671875 0.034375 0.028125