4 0.00009062500000000001 0.146625 0.052084375 0.152725 0.0880390625 0.0022140625 0.0012390625000000001 0.0007609375 0.00009062500000000001 0.146625
4 0.09741875 0.0029296875 0.06410312500000001 0.15606875 0.3197984375 0.17895624999999998 0.33109687499999996 0.00031718750000000003 0.09741875 0.0029296875
1 0.3407046875 0.0022328125 0.32977500000000004 0.18453906250000002 0.5666390625 0.2035171875 0.556596875 0.00031718750000000003 0.3407046875 0.0022328125
1 0.760453125 0.0014359375000000001 0.5641109375 0.001534375 0.574646875 0.2035171875 0.7985359375 0.224175 0.760453125 0.0014359375000000001
1 1 0.1839796875 0.978203125 0.10359375 0.948909375 0.0025515625 0.76815625 0.000140625 0.807878125 0.22473125 0.9982890624999999 0.2386875 1 0.1839796875
4 0.953065625 0 0.9998859375 0.1570140625 0.9994093749999999 0.000140625 0.953065625 0
4 0.0007078125 0.1630140625 0 0.38955937500000004 0.0509390625 0.1685765625 0.0007078125 0.1630140625
4 0.31711875 0.196703125 0.065025 0.17009375 0.00042968750000000006 0.45435625 0.00042968750000000006 0.7109859375 0.2760578125 0.7147640625 0.31711875 0.196703125
1 0.56670625 0.2193671875 0.33173125 0.19605625 0.292965625 0.711015625 0.592665625 0.72360625 0.56670625 0.2193671875
1 0.577784375 0.2149390625 0.60995625 0.720146875 0.8854468750000001 0.72755 0.7981328125 0.2360828125 0.577784375 0.2149390625
4 1 0.2555578125 0.810753125 0.23936875 0.901396875 0.7296015625 0.9988250000000001 0.732803125 1 0.2555578125
4 0.2731953125 0.7450015624999999 0.0010656250000000002 0.7377984375 0 0.9998515625 0.2554390625 1 0.2731953125 0.7450015624999999
1 0.594934375 0.7497390625 0.29052500000000003 0.74135 0.2710765625 0.9998515625 0.610559375 0.9998515625 0.594934375 0.7497390625
4 0.8911390625 0.7544765625000001 0.6110640625 0.754371875 0.6262296875 0.9960609375 0.9351734374999999 1 0.8911390625 0.7544765625000001
4 1 0.7601609375 0.908515625 0.759109375 0.9559843750000001 0.9998515625 0.9978875 0.9960609375 1 0.7601609375
5 0.499609375 0.087109375 0.08046875 0.08671875
5 0.692578125 0.066015625 0.06328125 0.06328125
5 0.741015625 0.25625 0.04765625 0.034375
5 0.370703125 0.228515625 0.06953125 0.05078125
5 0.40703125 0.40234375 0.0328125 0.0453125
5 0.71484375 0.65859375 0.0359375 0.0484375
5 0.42109375 0.908203125 0.0828125 0.08828125
5 0.9671875 0.201953125 0.028125 0.02890625
5 0.56640625 0.583984375 0.0390625 0.11171875