1 0.512109375 0.4984375 0.95234375 0.9875
2 0.31171875 0.054296875 0.1984375 0.09296875
2 0.78515625 0.14609375 0.1671875 0.2578125
2 0.1265625 0.40859375 0.15625 0.1328125
2 0.453515625 0.551171875 0.17890625 0.17421875
2 0.169140625 0.862109375 0.27265625 0.17109375
2 0.43984375 0.860546875 0.1015625 0.18671875
2 0.68515625 0.87578125 0.0890625 0.1984375
2 0.8734375 0.92890625 0.096875 0.1140625
2 0.871875 0.743359375 0.165625 0.11484375
2 0.73828125 0.55390625 0.1109375 0.1203125
5 0.269921875 0.53828125 0.09609375 0.1015625
5 0.27734375 0.309765625 0.1234375 0.07578125
5 0.168359375 0.096875 0.08359375 0.078125
5 0.59609375 0.2265625 0.1046875 0.071875
5 0.90625 0.123046875 0.06875 0.09296875
5 0.75234375 0.448828125 0.1203125 0.07578125
5 0.624609375 0.7203125 0.11796875 0.06875
5 0.85625 0.83359375 0.08125 0.0640625
5 0.333203125 0.834375 0.04765625 0.065625
5 0.118359375 0.704296875 0.09609375 0.07734375