5 0.13359375 0.601953125 0.0859375 0.11328125
5 0.347265625 0.558984375 0.23203125 0.13671875
5 0.435546875 0.783203125 0.17109375 0.16640625
5 0.665625 0.828515625 0.115625 0.21953125
5 0.884375 0.801171875 0.125 0.18046875
5 0.686328125 0.536328125 0.17265625 0.14765625
5 0.78671875 0.4296875 0.0859375 0.090625
5 0.225390625 0.4140625 0.09765625 0.06875
5 0.75546875 0.169140625 0.0578125 0.07265625
5 0.7828125 0.24921875 0.0625 0.0984375
5 0.879296875 0.236328125 0.12734375 0.15078125
5 0.520703125 0.0890625 0.20078125 0.115625