1 0.24807656250000001 0.2177953125 0.0003578125 0.2219046875 0.0052609375 0.9563796874999999 0.04096875 0.9658984374999999 0.24807656250000001 0.2177953125
1 0.6165875 0.2139890625 0.2592859375 0.21238125000000002 0.0766765625 0.9716093750000001 0.9065390624999999 0.8859484375 0.6165875 0.2139890625
1 0.995096875 0.20066406250000002 0.6342859375 0.21238125000000002 0.9165374999999999 0.8764312500000001 0.9965249999999999 0.8612015625 0.995096875 0.20066406250000002
1 0.3037828125 0.010307812500000001 0.011071875 0.01238125 0.000975 0.19685625 0.25521875 0.194953125 0.3037828125 0.010307812500000001
1 0.3092859375 0 0.2609328125 0.18353124999999998 0.6094453125 0.194953125 0.5408859374999999 0 0.3092859375 0
1 0.7551359375 0.004596875 0.5396421874999999 0.0028578125 0.6123031250000001 0.18353124999999998 0.93225 0.1721109375 0.7551359375 0.004596875
1 0.995096875 0 0.766428125 0.0028578125 0.9222515625 0.17782031250000002 0.9979531250000001 0.18353124999999998 0.995096875 0
0 0.477734375 0.80703125 0.09296875 0.1390625
0 0.271875 0.902734375 0.0625 0.06171875
0 0.7859375 0.726171875 0.071875 0.09921875
0 0.678515625 0.566015625 0.04453125 0.04140625
0 0.3453125 0.7484375 0.05625 0.071875
0 0.121484375 0.163671875 0.20546875 0.03984375
0 0.9265625 0.7953125 0.03125 0.05