1 1 0.8190171875000001 0.9518828125000001 0.0016796875 0.59675 0 0.001221875 0.058109375 0.001221875 0.4604078125 0.039465625 1 0.3599953125 1 1 0.9482625 1 0.8190171875000001
5 0.0578125 0.12421875 0.109375 0.1171875
5 0.16171875 0.17734375 0.0765625 0.1078125
5 0.071484375 0.3109375 0.10859375 0.175
5 0.462890625 0.35703125 0.12265625 0.2171875
5 0.16328125 0.70703125 0.0640625 0.0703125
5 0.25 0.7921875 0.06875 0.121875
5 0.590625 0.676171875 0.078125 0.09921875
5 0.533203125 0.7453125 0.09453125 0.11875
5 0.628515625 0.76328125 0.12265625 0.1015625
5 0.5421875 0.91484375 0.075 0.1234375
5 0.6625 0.90234375 0.05625 0.1078125
5 0.89609375 0.808203125 0.0609375 0.09453125
5 0.762890625 0.157421875 0.09453125 0.07421875
5 0.7453125 0.25703125 0.090625 0.0859375