5 0.180078125 0.09140625 0.06640625 0.0671875
5 0.28046875 0.30078125 0.0609375 0.0515625
5 0.596484375 0.223828125 0.07109375 0.06953125
5 0.90546875 0.12890625 0.0640625 0.0671875
5 0.76015625 0.46171875 0.0671875 0.0546875
5 0.621484375 0.717578125 0.04609375 0.08203125
5 0.853515625 0.83203125 0.05078125 0.0734375
5 0.259375 0.53203125 0.065625 0.0703125
5 0.31953125 0.826171875 0.0484375 0.05546875
5 0.112109375 0.69609375 0.03671875 0.0484375
2 0.155859375 0.869140625 0.25546875 0.18828125
2 0.46953125 0.564453125 0.1921875 0.18515625
2 0.130078125 0.422265625 0.12890625 0.17265625
2 0.43046875 0.859765625 0.1046875 0.21015625
2 0.68125 0.903125 0.078125 0.19375
1 0.0080609375 0.9511687500000001 0.9604515625 0.9977750000000001 0.9915046875 0.5714187500000001 0.9966796875 0.038040625 0.3928109375 0.00006562500000000001 0.0460203125 0.0017953125 0.0080609375 0.9511687500000001
2 0.9069625 0.0397703125 0.781015625 0.0328640625 0.8034421875 0.2210125 0.9069625 0.0397703125
2 0.8093203125 0.9732546875000001 0.9414718750000001 0.9805125 0.8793609375000001 0.8873031250000001 0.8093203125 0.9732546875000001
2 0.300390625 0.039453125 0.16640625 0.05390625