1 1 0.48054687500000004 0.7695937500000001 0.4041765625 0.58600625 0.8404140625000001 0.8197812499999999 1 0.9812218749999999 1 1 1 1 0.48054687500000004
4 0 0.999028125 0.6253453125 1 0.6631953125 0.9052671875 0.141553125 0.55551875 0.00025 0.79066875 0 0.999028125
4 0 0.7698328125 0.13650625 0.5525421875000001 0 0.4583078125 0 0.7698328125
1 0.17190468750000001 0.20327812500000003 0.0010921874999999998 0.45878125000000003 0.2189328125 0.6105859375 0.4081765625 0.2846515625 0.17190468750000001 0.20327812500000003
1 0.22482031249999998 0.60314375 0.5789171875 0.8382937500000001 0.7622734375 0.4081796875 0.405653125 0.2920921875 0.22482031249999998 0.60314375
1 0.7605906250000001 0.40966718750000003 0.8575015625000001 0.186525 0.5789171875 0.135821875 0.4813515625 0.311440625 0.7605906250000001 0.40966718750000003
1 0.3759015625 0.0990328125 0.2870609375 0.2413734375 0.4813515625 0.3113234375 0.5789171875 0.1342171875 0.3759015625 0.0990328125
1 0.1351 0.1902484375 0.2879015625 0.2413734375 0.376215625 0.09849843750000001 0.22145625 0.0627796875 0.1351 0.1902484375
1 0.8573609375 0.18205312499999998 0.8670031249999999 0.301596875 0.95279375 0.076865625 0.72038125 0.050173437499999994 0.40045937499999995 0.010007812500000001 0.33940312499999997 0.088046875 0.8573609375 0.18205312499999998
6 0.765625 0.109765625 0.0875 0.10703125
6 0.873046875 0.225390625 0.02109375 0.08828125
6 0.866796875 0.125390625 0.10859375 0.10078125
6 0.682421875 0.099609375 0.07421875 0.10546875
6 0.41484375 0.046484375 0.0359375 0.06796875
6 0.376953125 0.0703125 0.02890625 0.034375
6 0.493359375 0.06953125 0.10859375 0.0765625
6 0.59921875 0.087890625 0.0859375 0.08828125
6 0.159375 0.190625 0.025 0.01875
6 0.224609375 0.214453125 0.03046875 0.01640625
6 0.39140625 0.259765625 0.0421875 0.05390625
6 0.443359375 0.277734375 0.02109375 0.03046875
6 0.530859375 0.31796875 0.02421875 0.0296875
6 0.580078125 0.328125 0.02890625 0.03125
6 0.31953125 0.541015625 0.0203125 0.06953125
6 0.28359375 0.598046875 0.0546875 0.07109375
6 0.35078125 0.64296875 0.0578125 0.0703125
6 0.41328125 0.606640625 0.0203125 0.04140625
6 0.4828125 0.656640625 0.021875 0.05078125
6 0.437109375 0.703515625 0.04609375 0.08203125
6 0.509375 0.741796875 0.040625 0.07734375
6 0.567578125 0.7859375 0.04140625 0.06875
6 0.587890625 0.7046875 0.02578125 0.053125
6 0.219921875 0.514453125 0.03984375 0.04765625
6 0.169140625 0.53125 0.06328125 0.08125
6 0.07734375 0.39765625 0.0328125 0.0421875
6 0.109375 0.4140625 0.01875 0.05
6 0.0671875 0.443359375 0.05 0.07734375
6 0.026953125 0.44609375 0.01953125 0.0390625
6 0.11953125 0.4953125 0.0484375 0.06875
6 0.710546875 0.865234375 0.07421875 0.14609375
6 0.762890625 0.905078125 0.06015625 0.11953125
6 0.812109375 0.938671875 0.05234375 0.07421875
6 0.626953125 0.816796875 0.05078125 0.09921875