1 0.87174375 0.6802625 0.8016671875 0.9879171875000001 0.9939453125 0.998690625 0.9917234374999999 0.6952671875 0.87174375 0.6802625
1 0.59845625 0.6269125 0.48180781250000004 0.965346875 0.5884578125 0.998690625 0.7766671875 0.9920828125 0.8639671874999999 0.6802625 0.59845625 0.6269125
1 0.2329609375 0.8819890625 0.46555625 0.9629171875000001 0.58956875 0.623578125 0.3762703125 0.591903125 0.2329609375 0.8819890625
1 0.21277812499999998 0.915 0.352940625 0.623578125 0.1874125 0.5869015625 0.0374375 0.8569812499999999 0.21277812499999998 0.915
4 0.0988890625 0.7150000000000001 0.0018874999999999999 0.6885984374999999 0.008553125 0.846978125 0.021884375 0.8536468749999999 0.0988890625 0.7150000000000001
1 0.681775 0.381840625 0.49194375 0.3733328125 0.379603125 0.5835671875 0.59845625 0.62024375 0.681775 0.381840625
1 0.0052203125 0.62024375 0.0007765625 0.6785953124999999 0.10444374999999999 0.7004171875 0.24851406250000002 0.4835375 0.1052046875 0.460196875 0.0052203125 0.62024375
1 0.3569453125 0.6104171875 0.4618125 0.40351406250000005 0.308503125 0.385175 0.19185625 0.5819 0.3569453125 0.6104171875
4 0.25305625 0.4754171875 0.305171875 0.381840625 0.1685265625 0.3718375 0.11187031249999999 0.4585296875 0.25305625 0.4754171875
1 0.007221875 0.6004171875 0.158528125 0.37517187500000004 0.044103125 0.36850312500000004 0.0052203125 0.406846875 0.007221875 0.6004171875
1 0.6906625 0.3835078125 0.6066671875 0.6195859375 0.8595234375 0.6619234374999999 0.9295125000000001 0.39184375 0.6906625 0.3835078125
1 0.8673 0.6752609374999999 0.997778125 0.6912515625 0.9988890625 0.395178125 0.936178125 0.39184375 0.8673 0.6752609374999999
1 0.5451312500000001 0.2868125 0.534021875 0.29681562499999997 0.0829859375 0.2868125 0.052990625 0.3451625 0.47514218750000003 0.3868421875 0.5451312500000001 0.2868125
1 0.99505625 0.385175 1 0.29 0.5484640625 0.28014375 0.5040265625 0.3635015625 0.99505625 0.385175
6 0.540234375 0.471484375 0.17734375 0.08046875
6 0.428515625 0.74140625 0.21640625 0.1109375
6 0.676953125 0.7953125 0.25078125 0.109375
6 0.91484375 0.8578125 0.1703125 0.134375
6 0.20703125 0.7265625 0.1828125 0.090625
6 0.1109375 0.56484375 0.14375 0.0703125
6 0.776171875 0.496875 0.23671875 0.075
6 0.277734375 0.583984375 0.17109375 0.06796875
6 0.05390625 0.451171875 0.0890625 0.03984375
6 0.954296875 0.512890625 0.08046875 0.03515625
6 0.93671875 0.684765625 0.1078125 0.07578125
6 0.337890625 0.48203125 0.14140625 0.0328125