1 0.04285 0.7722640625 0 0.7953984375 0.004775 0.8555468749999999 0.13237812499999999 0.7722640625 0.04285 0.7722640625
1 0 0.8679640624999999 0.066740625 0.8694265624999999 0.216984375 0.77535 0.134659375 0.770721875 0 0.8679640624999999
6 0.04296875 0.8484375 0.0859375 0.046875
1 0.33092968749999996 0.7640046875000001 0.23004531250000002 0.7652125 0.0695640625 0.8721265624999999 0.17114374999999998 0.8763359375 0.33092968749999996 0.7640046875000001
1 0.2829640625 0.8739765625 0.442209375 0.7584765625000001 0.3378234375 0.761003125 0.17619374999999998 0.8738093750000001 0.2829640625 0.8739765625
1 0.40025781250000003 0.8739765625 0.5501015625 0.754434375 0.5531515625 0.7528937499999999 0.43785937500000005 0.759484375 0.2829640625 0.875659375 0.40025781250000003 0.8739765625
1 0.6759906250000001 0.7491890625 0.5579500000000001 0.754671875 0.39968750000000003 0.8750546874999999 0.5096859375 0.8750546874999999 0.6759906250000001 0.7491890625
1 0.799446875 0.7454859375 0.6782078125 0.7492 0.5160171874999999 0.8721109374999999 0.6507078125 0.869584375 0.799446875 0.7454859375
1 0.9377187499999999 0.7371531250000001 0.8032343750000001 0.7453265625000001 0.650021875 0.8699203125 0.7847140625 0.8682359375 0.9377187499999999 0.7371531250000001
1 1 0.73775 0.941853125 0.7369078124999999 0.79313125 0.8673953125 0.93511875 0.86486875 1 0.8008890624999999 1 0.73775
6 0.733984375 0.837109375 0.16484375 0.05859375
6 0.528125 0.837890625 0.246875 0.07265625
6 0.2921875 0.849609375 0.221875 0.04921875
6 0.12890625 0.85234375 0.1109375 0.0421875
1 0.28895312500000003 0.66585625 0.202675 0.670846875 0.046096874999999995 0.76934375 0.1342078125 0.7659765625 0.28895312500000003 0.66585625
1 0.382825 0.6649546875000001 0.292040625 0.66585625 0.1392578125 0.76934375 0.228490625 0.767659375 0.382825 0.6649546875000001
1 0.48848906249999996 0.6598984375 0.3930828125 0.6624234375 0.23369843750000002 0.7659703125 0.34032968750000003 0.7609203124999999 0.48848906249999996 0.6598984375
1 0.5932578125 0.6524875 0.49616718750000005 0.6575390624999999 0.34071093750000003 0.76024375 0.4445359375 0.756034375 0.5932578125 0.6524875
1 0.707471875 0.63993125 0.5988578125 0.6500421875 0.4484515625 0.756115625 0.5595734375 0.750221875 0.707471875 0.63993125
1 0.8229046875 0.6325234375 0.7136171874999999 0.6407828125 0.56265 0.7510640625 0.6821890625 0.747696875 0.8229046875 0.6325234375
1 0.8074718750000001 0.7445609375 0.9397859375 0.6273125 0.82754375 0.6323640625 0.681065625 0.747696875 0.8074718750000001 0.7445609375
1 0.8083890625000001 0.742896875 0.9442031249999999 0.7353203125000001 0.9997624999999999 0.6822843749999999 0.9992015625 0.6225125 0.9988296875 0.6232640625 0.9470078125000001 0.624196875 0.8083890625000001 0.742896875
6 0.1203125 0.745703125 0.140625 0.05703125
6 0.209375 0.744140625 0.125 0.04765625
6 0.3 0.74140625 0.128125 0.0484375
6 0.41796875 0.737109375 0.1484375 0.04609375
6 0.541796875 0.73515625 0.18671875 0.0421875
6 0.74375 0.7234375 0.203125 0.05
6 0.887109375 0.72109375 0.15234375 0.0546875
6 0.9890625 0.68203125 0.021875 0.0421875
4 0.35109218750000004 0.5791375000000001 0.43064375000000005 0.5762953125 0.5531296875 0.496740625 0.477996875 0.49863437499999996 0.35109218750000004 0.5791375000000001
4 0.2885875 0.6672984375000001 0.42622499999999997 0.5811140625 0.349828125 0.5801671875000001 0.21345312500000002 0.6682453125000001 0.2885875 0.6672984375000001
1 0.6704921875000001 0.42012656249999997 0.558109375 0.4911578125 0.5604890625000001 0.49387968750000005 0.63829375 0.49589375 0.74246875 0.42012656249999997 0.6704921875000001 0.42012656249999997
1 0.826440625 0.41917968749999995 0.7487828125 0.42012656249999997 0.64586875 0.4911578125 0.73994375 0.48263437500000006 0.826440625 0.41917968749999995
1 0.8283343750000001 0.41633906249999997 0.7336296875 0.48737031249999996 0.8112875 0.4939984375 0.896521875 0.427703125 0.9067421875000001 0.4187171875 0.8283343750000001 0.41633906249999997
6 0.5588 0.495340625 0.6351953124999999 0.49818125 0.743790625 0.4205203125 0.67090625 0.419921875 0.6686578125 0.42146718749999995 0.5588 0.495340625
6 0.8246062500000001 0.4176796875 0.7472953125 0.419921875 0.6434031250000001 0.4924984375 0.7362140625 0.48208124999999996 0.8246062500000001 0.4176796875
6 0.9077125 0.42096406249999996 0.8271312500000001 0.4176796875 0.7387406249999999 0.48492187500000006 0.8119781250000001 0.49155156250000004 0.9077125 0.42096406249999996
6 0.9243609375 0.3485421875 0.82839375 0.36464375000000004 0.7507359375 0.41578593750000004 0.8239750000000001 0.4176796875 0.9243609375 0.3485421875
6 0.9982468750000001 0.33623125 0.9325687500000001 0.3447546875 0.8328140625 0.41389062499999996 0.9091015625000001 0.41575468750000005 0.9982468750000001 0.354225 0.9982468750000001 0.33623125
6 0.8193015625 0.365878125 0.7359609375 0.3772421875 0.6829265625 0.4160734375 0.7448 0.41796718750000006 0.8193015625 0.365878125
1 1 0.3336765625 0.9338234375000001 0.3422 0.8296484375000001 0.41702031249999993 0.9104890625 0.41783906249999997 0.9982234375000001 0.3545125 1 0.3336765625
1 0.8302796875 0.41702031249999993 0.9281421875 0.34693593749999996 0.9229890624999999 0.3470046875 0.8283859375 0.36019531250000003 0.7450453125000001 0.4189140625 0.8302796875 0.41702031249999993
1 0.822071875 0.3620890625 0.7320171875 0.376171875 0.6724390625 0.41796718750000006 0.7418890625000001 0.4208078125 0.822071875 0.3620890625