1 0.9954171875 0.7677109375 0.5736671875 0.6102890624999999 0.3981828125 0.9964265625 0.9154312499999999 1 0.9954171875 0.7677109375
4 1 0.25410625 0.7386671875 0.2213296875 0.5714875 0.613228125 0.9940843750000001 0.7677109375 1 0.7175546875000001 1 0.25410625
1 0.4235125 0.1879 0.27020468750000004 0.48081406250000003 0.5781531249999999 0.581128125 0.743459375 0.19793125 0.4235125 0.1879
1 0.5741546875 0.5931656249999999 0.2635390625 0.48883906250000003 0.10337343750000001 0.7855015625 0.38218593749999996 1 0.5741546875 0.5931656249999999
1 0.3738328125 1 0.0908671875 0.7836921875 0 0.8630265625 0 0.98195 0.001696875 1 0.3738328125 1
6 0.05234375 0.90390625 0.0921875 0.0796875
6 0.074609375 0.858984375 0.09296875 0.04296875
6 0.09296875 0.817578125 0.0453125 0.03203125
6 0.1328125 0.88046875 0.0625 0.0765625
6 0.191796875 0.91171875 0.08359375 0.0796875
6 0.31328125 0.572265625 0.1171875 0.11015625
6 0.45546875 0.61796875 0.1421875 0.1078125
6 0.287109375 0.677734375 0.18046875 0.11796875
6 0.214453125 0.764453125 0.12890625 0.11015625
6 0.4046875 0.72109375 0.18125 0.0828125
6 0.34375 0.840625 0.140625 0.134375
6 0.823828125 0.953515625 0.13515625 0.08828125
6 0.571484375 0.6890625 0.03359375 0.071875
6 0.47265625 0.944140625 0.0453125 0.09140625
6 0.519921875 0.80078125 0.03359375 0.0703125
6 0.495703125 0.43671875 0.11953125 0.1859375
6 0.57890625 0.277734375 0.1078125 0.15234375
6 0.477734375 0.283984375 0.11484375 0.17734375
6 0.39921875 0.398046875 0.0484375 0.21796875
6 0.343359375 0.434765625 0.05859375 0.09765625