1 0.6304328124999999 0.1670265625 0.25939375 0.16181874999999998 0.0038703124999999996 0.9919640624999999 0.417134375 0.984696875 0.6304328124999999 0.1670265625
1 0.99885625 0.1579421875 0.6427265625 0.164090625 0.42561875000000005 0.990146875 0.9043265625 0.99378125 0.99885625 0.1579421875
1 0.0038703124999999996 0.8320640625 0.2547375 0.1670265625 0.0048484375 0.17318125 0.0038703124999999996 0.8320640625
1 0.3177578125 0.0053109375 0.006364062500000001 0.00045468749999999996 0.001446875 0.17247812499999998 0.253525 0.1543078125 0.3177578125 0.0053109375
1 0.33060625 0 0.2632203125 0.1543078125 0.6352796875 0.1379546875 0.6680015625 0.0034937500000000003 0.33060625 0
1 0.6851515625 0.0072734375 0.652246875 0.156125 1 0.1470390625 0.9879484375 0 0.6851515625 0.0072734375
6 0 0.9883296874999999 0.406228125 0.9955984375 0.5310546875 0.46865625 0.18060625 0.43681875000000003 0.00508125 0.8811249999999999 0 0.9883296874999999
6 0.97461875 0.377803125 0.58060625 0.42090937500000003 0.42561875000000005 0.9883296874999999 0.8970546875000001 1 0.97461875 0.377803125
6 0.25595 0.1633921875 0.007878125 0.17318125 0.001446875 0.356 0.1529359375 0.4195953125 0.25595 0.1633921875
6 0.6437640625000001 0.06345625 0.310909375 0.064090625 0.260796875 0.18156406249999998 0.6183140625 0.1961 0.6437640625000001 0.06345625
6 0.9952203125000001 0.105246875 0.6730296874999999 0.07318125 0.6643671875 0.1670265625 0.9867374999999999 0.18156406249999998 0.9952203125000001 0.105246875
6 0.2717046875 0.0961625 0.006364062500000001 0.08 0.0087171875 0.165209375 0.2450421875 0.165209375 0.2717046875 0.0961625
6 1 0.990146875 0.98818125 0.520909375 0.92250625 0.9919640624999999 1 0.990146875