6 0 0.5652125 0.0360234375 0.5631375000000001 0.037870312499999996 0.5567578125 0.0692859375 0.5578671875000001 0.07944999999999999 0.5531531249999999 0.08782656250000001 0.5532578125 0.086903125 0.532171875 0.09392500000000001 0.5280125 0.1708109375 0.5310625 0.1732140625 0.5196875000000001 0.17857343750000002 0.5191328125 0.18651875 0.527178125 0.28624062499999997 0.5310625 0.29936093750000003 0.5332796875 0.30305624999999997 0.522740625 0.309709375 0.521353125 0.315253125 0.532725 0.350509375 0.5388296875 0.43280624999999995 0.5400796875 0.434840625 0.529815625 0.443340625 0.5287046875 0.44740624999999995 0.535640625 0.5261015625 0.5370328125 0.5433328125 0.5325 0.5513421875 0.4988578125 0.607334375 0.49192187499999995 0.612325 0.4858203125 0.661815625 0.45835781249999996 0.7288109375 0.464459375 0.776659375 0.4709671875 0.7777265625 0.465365625 0.7846578125 0.465365625 0.784071875 0.4697671875 0.8010343750000001 0.4689203125 0.8782140625 0.4740125 0.890096875 0.45982031250000005 0.9166703125 0.45897187500000003 0.91893125 0.4538796875 0.9333500000000001 0.45260468749999994 0.932784375 0.4453921875 0.94776875 0.4453921875 0.94776875 0.43690468750000006 0.958228125 0.43181250000000004 0.9570984375 0.3999828125 0.9539890625 0.3999828125 0.9537046874999999 0.343965625 0.9503140625000001 0.34226718749999996 0.9505953125 0.3159546875 0.9183328124999999 0.29 0.8216671874999999 0.25 0.5350671874999999 0.20013437500000003 0 0.11750000000000001 0 0.5652125
4 0.0005546875 0.977928125 0.1571453125 0.9786906249999999 0.16069687500000002 0.8396328125 0.010959375 0.837346875 0 0.9184578125 0.0005546875 0.977928125
4 0.3298828125 0.980396875 0.3217609375 0.8440078124999999 0.17329375 0.8424250000000001 0.171009375 0.978875 0.3298828125 0.980396875
4 0.5015359375 0.986328125 0.4814859375 0.8487953125000001 0.3340328125 0.8449843749999999 0.34393125 0.9825171875 0.5015359375 0.986328125
4 0.6703296875 0.9900375 0.6378453125 0.852884375 0.49292968750000005 0.8502203125 0.515009375 0.984703125 0.6703296875 0.9900375
4 0.8376703125 0.9929 0.7945249999999999 0.8553671875 0.6506265625000001 0.8524125 0.683365625 0.9891828125 0.8376703125 0.9929
4 1 0.9834703125 0.9487937499999999 0.8627 0.8061640625000001 0.858128125 0.85260625 0.9952796875000001 1 0.9994703125 1 0.9834703125
4 1 0.864984375 0.9624984375000001 0.8646046875 0.9765640624999999 0.9008796875 1 0.954134375 1 0.864984375
4 1 0.7450218750000001 0.909396875 0.7423546875 0.9582515624999999 0.858171875 1 0.859315625 1 0.7450218750000001
4 1 0.6705421874999999 0.9855984375 0.640828125 0.8630171875 0.6354921874999999 0.90666875 0.7375953125 1 0.7394999999999999 1 0.6705421874999999
4 1 0.548203125 0.94715 0.547065625 1 0.647259375 1 0.548203125
4 0.9830609375 0.6359203124999999 0.9378859374999999 0.547821875 0.826725 0.5440125 0.8609859375 0.633540625 0.9830609375 0.6359203124999999
4 1 0.46972500000000006 0.9059171875 0.467059375 0.9475390625 0.544778125 1 0.545540625 1 0.46972500000000006
4 0.8251953125 0.5419921875 0.93508125 0.5424921875 0.8935546875 0.4658203125 0.8779296875 0.474609375 0.794921875 0.47314531249999997 0.8251953125 0.5419921875
4 1 0.44384687500000003 0.9580078125 0.3779296875 0.95703125 0.43212968749999997 0.90625 0.46142500000000003 1 0.46435468750000003 1 0.44384687500000003
4 0.8046890624999999 0.537596875 0.7783203125 0.4716796875 0.671875 0.46728437500000003 0.6945984375 0.53525 0.8046890624999999 0.537596875
4 0.848603125 0.6295124999999999 0.8076171875 0.5419921875 0.6968265625 0.5398171875 0.7276078125 0.6276078125 0.848603125 0.6295124999999999
4 0.734375 0.648925 0.7619921875 0.730903125 0.8939640624999999 0.7347125 0.880859375 0.7075203125 0.8520890624999999 0.6352781249999999 0.7279828125 0.631084375 0.734375 0.648925
4 0.804759375 0.8525578125 0.9466921875000001 0.8585593749999999 0.916015625 0.78955 0.8964421874999999 0.740075 0.7657390625 0.7381703125 0.804759375 0.8525578125
4 0.0138171875 0.709146875 0.02650625 0.6070453125 0.00011093749999999999 0.6070453125 0 0.7087656250000001 0.0138171875 0.709146875
4 0.162159375 0.8349546875 0.1662203125 0.7172328125 0.0256203125 0.714184375 0.0109 0.8311453125 0.162159375 0.8349546875
4 0.3205515625 0.8375796875000001 0.3147140625 0.721765625 0.1779203125 0.719096875 0.1746203125 0.834915625 0.3205515625 0.8375796875000001
4 0.4793984375 0.844965625 0.4623109375 0.7268749999999999 0.32805625 0.723828125 0.3346546875 0.8388796875000001 0.4793984375 0.844965625
4 0.636125 0.8481 0.6077 0.7322828125 0.47471406250000003 0.7280921874999999 0.492984375 0.843528125 0.636125 0.8481
4 0.791728125 0.851884375 0.7526437500000001 0.7341656249999999 0.61965625 0.7318781249999999 0.65005 0.8496 0.791728125 0.851884375
4 0.7506859375 0.7301171875 0.716171875 0.6310625 0.5928093750000001 0.626109375 0.61768125 0.7278296875 0.7506859375 0.7301171875
4 0.7152703125000001 0.626378125 0.6849328125 0.5379921875 0.5692046875 0.5357078125 0.5931968750000001 0.6218078125 0.7152703125000001 0.626378125
4 0.5693328125 0.533521875 0.6835390625 0.535234375 0.6591796875 0.462890625 0.6175531249999999 0.4887546875 0.56171875 0.500565625 0.5693328125 0.533521875
4 0.5807359375 0.621653125 0.558909375 0.5355531250000001 0.4429265625 0.5412671875 0.4554265625 0.6186046875 0.5807359375 0.621653125
4 0.4775390625 0.7236328125 0.60543125 0.7258046874999999 0.599609375 0.704590625 0.57960625 0.625228125 0.458984375 0.6254875 0.4775390625 0.7236328125
4 0.4605953125 0.7225546875 0.44562187499999995 0.6204546875 0.319740625 0.6181671875 0.326846875 0.7187453125000001 0.4605953125 0.7225546875
4 0.306084375 0.6116921875 0.302278125 0.535115625 0.17995 0.5305453124999999 0.180203125 0.6094046875 0.306084375 0.6116921875
4 0.4440984375 0.6174078125 0.433946875 0.543878125 0.314453125 0.537596875 0.317709375 0.613215625 0.4440984375 0.6174078125
4 0.314459375 0.717075 0.308115625 0.6172593749999999 0.1791890625 0.6126875 0.1769046875 0.7144078125 0.314459375 0.717075
4 0.1650203125 0.7114328125 0.167303125 0.611996875 0.038378125 0.6093296875 0.026634375 0.7097 0.1650203125 0.7114328125
4 0.0419296875 0.559421875 0.0390640625 0.5903328125 0.0391390625 0.603615625 0.168065625 0.6062828125 0.1669921875 0.533203125 0.089896875 0.53085 0.0868515625 0.5544703125 0.0419296875 0.559421875
4 0.00046875 0.603134375 0.026759375000000002 0.603996875 0.0305671875 0.5636125 0.014070312500000001 0.5651375 0.0006203125 0.564375 0.00046875 0.603134375
4 0.013178124999999999 0.713321875 0.000078125 0.713321875 0.001953125 0.798340625 0.013178124999999999 0.713321875
4 0.1566359375 1 0.1566359375 0.985928125 0 0.9809749999999999 0 1 0.1566359375 1
4 0.3299984375 1 0.33050625 0.9866906249999999 0.16985625 0.984021875 0.1693484375 1 0.3299984375 1