4 0.0031781249999999995 0.9982921875 0.4906546875 0.999234375 0.089365625 0.72594375 0 0.7617546875000001 0.0031781249999999995 0.9982921875
4 0.7873453125000001 0.8769734375 0.3338 0.6347828125 0.1070640625 0.717409375 0.5104140625 0.9957156250000001 0.7329484374999999 1 0.7873453125000001 0.8769734375
4 0.472265625 0.5834890625 0.3473 0.6279109375 0.7937046875 0.8718578125 0.84174375 0.755003125 0.472265625 0.5834890625
4 0.5602031249999999 0.548146875 0.4824140625 0.5796281249999999 0.84349375 0.749815625 0.8745765625 0.674425 0.5602031249999999 0.548146875
4 0.6256546875 0.5277546875 0.5716 0.5472140624999999 0.8740484374999999 0.6714781249999999 0.89253125 0.626978125 0.6256546875 0.5277546875
4 0.9096609375 0.5902953125 0.6730484375 0.5081390625 0.6337703125 0.52535 0.8952359375000001 0.625775 0.9096609375 0.5902953125
1 0.1658859375 0.5499468750000001 0 0.45239375 0.0001265625 0.58279375 0.1658859375 0.5499468750000001
1 0.00046249999999999997 0.45174062499999995 0.171634375 0.5474828125 0.32980468749999997 0.5210375 0.0826703125 0.400609375 0 0.40531875 0.00046249999999999997 0.45174062499999995
1 0.3309515625 0.5177453125 0.4362234375 0.49845468750000005 0.23250625 0.4038125 0.08955625 0.4038125 0.3309515625 0.5177453125
1 0 0.29955625 0.0006296875 0.370975 0.1253109375 0.37251875 0 0.29955625
1 0.1282046875 0.372903125 0.2282828125 0.370925 0.109978125 0.308459375 0.00091875 0.29881250000000004 0.1282046875 0.372903125
1 0.3089359375 0.3752640625 0.194840625 0.316078125 0.11470781249999999 0.30951875 0.232446875 0.3743484375 0.3089359375 0.3752640625
1 0.3109203125 0.3751203125 0.37403437500000003 0.3752640625 0.26723906249999996 0.323025 0.1963640625 0.3156921875 0.3109203125 0.3751203125
1 0.57444375 0.4740390625 0.3990328125 0.3958859375 0.23738437499999998 0.40247656249999997 0.4417375 0.5032296875 0.57444375 0.4740390625
1 0.5795859375 0.4734640625 0.724090625 0.4413296875 0.5737421875 0.392621875 0.40363125 0.3954875 0.5795859375 0.4734640625
1 0.8250343750000001 0.4194484375 0.72185 0.3879890625 0.576509375 0.39192031250000003 0.72694375 0.440975 0.8250343750000001 0.4194484375
1 0.8275828125 0.4198234375 0.9157046875000001 0.39715781250000004 0.8615515625000001 0.3829875 0.7249203125 0.3879890625 0.8275828125 0.4198234375
4 0.8043374999999999 0.46019062499999996 0.6808734375000001 0.5079484375 0.9096624999999999 0.5914640624999999 0.9505343749999999 0.5046484375 0.8043374999999999 0.46019062499999996
4 0.9387125 0.40736718749999995 0.8076390625000001 0.4574109375 0.9507546874999999 0.5022046875 0.9857234375000001 0.4246671875 0.9387125 0.40736718749999995
1 0.40521250000000003 0.333409375 0.2722453125 0.3221953125 0.3768734375 0.37679687500000003 0.514059375 0.37722656250000003 0.40521250000000003 0.333409375
1 0.5170328125 0.378025 0.84299375 0.3784109375 0.8053156250000001 0.363375 0.41297187500000004 0.33576875 0.5170328125 0.378025
6 0 0.5761375 0.16863125 0.5479296875 0 0.4546203125 0 0.5761375
6 0.1715453125 0.5469578125 0.32539375000000004 0.51888125 0.080465625 0.40018906249999997 0.0017718749999999998 0.40407656249999996 0.0003140625 0.45073125 0.1715453125 0.5469578125
6 0.434709375 0.49823281250000007 0.22929218750000002 0.3992171875 0.0995921875 0.40310625 0.3320296875 0.5187703124999999 0.434709375 0.49823281250000007
6 0.4405984375 0.5003031250000001 0.56953125 0.473940625 0.40562343749999996 0.3972734375 0.22929218750000002 0.3982453125 0.4405984375 0.5003031250000001
6 0.578596875 0.4744 0.7220453124999999 0.44074843750000003 0.5790359375 0.39285312499999997 0.40883437499999997 0.3975453125 0.578596875 0.4744
6 0.8232703125 0.41900468750000003 0.7174953125 0.387221875 0.5779984375 0.3912296875 0.7245046875 0.4401984375 0.8232703125 0.41900468750000003
6 0.91380625 0.39730937499999996 0.8633453125000001 0.383334375 0.7271859375 0.3877859375 0.8263031249999999 0.4198390625 0.91380625 0.39730937499999996
6 0.00091875 0.3027375 0.0016390625 0.370878125 0.12177968749999998 0.3726578125 0.00091875 0.3027375
6 0.10924843749999999 0.3087671875 0.010134375 0.2980515625 0.12751718750000002 0.3712125 0.2262796875 0.3719734375 0.10924843749999999 0.3087671875
6 0.307759375 0.372278125 0.1953328125 0.3140984375 0.115409375 0.3087671875 0.2335828125 0.3727359375 0.307759375 0.372278125
6 0.37484843749999996 0.37608593749999997 0.2712609375 0.32171249999999996 0.1953328125 0.31638125 0.31008125 0.37654375 0.37484843749999996 0.37608593749999997
6 0.5104562500000001 0.378940625 0.4012953125 0.3316125 0.281409375 0.324759375 0.3767484375 0.3773046875 0.5104562500000001 0.378940625
6 0.519540625 0.3786921875 0.6787859375 0.3769765625 0.595746875 0.34969843749999996 0.415721875 0.33523125 0.519540625 0.3786921875
6 0.6826218749999999 0.37559375 0.84431875 0.37935625 0.8065187500000001 0.364478125 0.5995421875 0.34835781250000003 0.6826218749999999 0.37559375