4 0.81774375 0.3549203125 0.7126265625 0.3561109375 0.698909375 0.374371875 0.8160328124999999 0.3760875 0.81774375 0.3549203125
4 0.70774375 0.3560640625 0.6125140625000001 0.357184375 0.59745625 0.375515625 0.6946328125 0.375803125 0.70774375 0.3560640625
4 0.66125 0.3805046875 0.6276703125 0.427809375 0.9087765624999999 0.43650781250000004 0.9087765624999999 0.37941875 0.66125 0.3805046875
1 0.9103999999999999 0.4441171875 0.6258234375 0.43564218749999994 0.5762296874999999 0.5042078125 0.9141937499999999 0.5245859375 0.9103999999999999 0.4441171875
4 0.5766140625 0.50961875 0.5116171875 0.599721875 0.9227171875 0.6627921875 0.9151328124999999 0.531909375 0.5766140625 0.50961875
4 0.505290625 0.6109328125 0.40017031249999996 0.7517953125 0.9353031250000001 0.9132671875 0.92609375 0.6724109375 0.505290625 0.6109328125
1 0.2335640625 0.56258125 0.10915625 0.6598499999999999 0.3808859375 0.75233125 0.4859640625 0.60770625 0.2335640625 0.56258125
4 0.6483703125 0.3811671875 0.459203125 0.38253906249999997 0.4095171875 0.421675 0.6159234375 0.42824375000000003 0.6483703125 0.3811671875
1 0.402153125 0.4266015625 0.33480625 0.48243749999999996 0.56384375 0.49858906249999996 0.6118328125 0.43371875 0.402153125 0.4266015625
1 0.48952343750000005 0.5999859375 0.5621359375 0.5072875 0.32849375 0.4871671875 0.2392328125 0.5575890625000001 0.48952343750000005 0.5999859375
1 0.0012296875 0.6247015625000001 0.098359375 0.6542 0.22516406249999998 0.558053125 0.0638703125 0.5263015625 0.000290625 0.5637125000000001 0.0012296875 0.6247015625000001
4 0.4491359375 0.3820375 0.3062671875 0.382621875 0.2524328125 0.413 0.4014171875 0.42000937499999996 0.4491359375 0.3820375
1 0.39392031250000004 0.42599375000000006 0.2427171875 0.41946093749999996 0.1713203125 0.46455156249999996 0.3296140625 0.4776953125 0.39392031250000004 0.42599375000000006
1 0.22889374999999998 0.554146875 0.3210234375 0.48212968749999996 0.16156718750000001 0.46781562499999996 0.0704859375 0.5233140625 0.22889374999999998 0.554146875
4 0.194359375 0.3765421875 0.1366765625 0.4064453125 0.2474359375 0.41106718750000004 0.2986171875 0.3792609375 0.194359375 0.3765421875
1 0.16341406249999998 0.4618234375 0.23490625 0.4169703125 0.12387656250000001 0.41153125 0.05427968749999999 0.44904687499999996 0.16341406249999998 0.4618234375
4 0.053253125 0.52419375 0.0015296875 0.509240625 0 0.5544453125000001 0.053253125 0.52419375
1 0.00044687499999999995 0.5024453125 0.059753125 0.5206593749999999 0.151403125 0.465103125 0.0464828125 0.4527015625 0.000990625 0.4714578125 0.00044687499999999995 0.5024453125
1 0.1267171875 0.4063515625 0.1851203125 0.375953125 0.0996796875 0.377853125 0.043440625 0.4044515625 0.1267171875 0.4063515625
1 0 0.4421765625 0.0467171875 0.444371875 0.11455 0.4106921875 0.0312734375 0.4096046875 0.0007203125 0.4231765625 0 0.4421765625
1 0 0.45423437499999997 0.00045 0.47067500000000007 0.039382812499999996 0.45004687499999996 0 0.44428437499999995 0 0.45423437499999997
6 0.616796875 0.504296875 0.06171875 0.01171875
6 0.066403125 0.39404062500000003 0.0478828125 0.4042140625 0.11729062500000001 0.4074453125 0.11755625 0.3980265625 0.066403125 0.39404062500000003
6 0.061343749999999996 0.42801718749999995 0 0.42424062500000004 0.00115 0.4408 0.040503125 0.44485 0.061343749999999996 0.42801718749999995
6 0.33310625 0.4490640625 0.218509375 0.4363953125 0.1656171875 0.4652 0.3148828125 0.4794578125 0.33310625 0.4490640625
6 0.56105625 0.46607031250000003 0.37429999999999997 0.45152187499999996 0.3356796875 0.48248125000000003 0.5455140625 0.5029234375 0.56105625 0.46607031250000003
6 0.48935625 0.5704281250000001 0.26635 0.5368421875 0.24001718749999998 0.5570671875000001 0.47214999999999996 0.5984578125 0.48935625 0.5704281250000001
6 0.24811718749999997 0.6671234375 0.1575703125 0.6353984374999999 0.1189 0.6622343749999999 0.226040625 0.6997125 0.24811718749999997 0.6671234375
6 0.331153125 0.6961234375 0.2643203125 0.6720531249999999 0.23115625 0.701009375 0.311996875 0.7313203125000001 0.331153125 0.6961234375
6 0.3698765625 0.7498125 0.38156406249999997 0.7234140625000001 0.3348140625 0.70776875 0.315009375 0.73058125 0.3698765625 0.7498125
6 0.080590625 0.62089375 0.0016859375 0.614709375 0 0.6254109375 0.0780171875 0.64929375 0.080590625 0.62089375
6 0.2596796875 0.5189265625 0.1310734375 0.48987968750000005 0.07127343750000001 0.5231203125 0.22399062500000003 0.554425 0.2596796875 0.5189265625
6 0.058646875 0.5218296875 0.10430312500000001 0.493753125 0.07954687499999999 0.486328125 0.15252656250000002 0.46276875000000006 0.04630625 0.4529859375 0.00045312499999999997 0.47180625000000004 0 0.5031109375 0.058646875 0.5218296875
6 0.1609296875 0.44635468749999996 0.0721171875 0.4418390625 0.05714375000000001 0.44849843749999996 0.1686671875 0.4584046875 0.1609296875 0.44635468749999996
6 0.0125 0.4484375 0.025 0.00625