4 0.12520625000000002 0.07722812500000001 0.0046296875 0.0293203125 0.0060140625 0.199178125 0.2062125 0.23468125 0.12520625000000002 0.07722812500000001
4 0.13917812499999999 0.07947499999999999 0.22125625000000002 0.24085625 0.3994671875 0.2686421875 0.3323484375 0.1466921875 0.13917812499999999 0.07947499999999999
1 0.2143125 0.24703124999999998 0.0060765624999999995 0.21450624999999998 0.0060140625 0.45851406250000004 0.3103609375 0.427640625 0.2143125 0.24703124999999998
1 0.3103609375 0.4384453125 0.0060140625 0.47086249999999996 0.0071703125000000005 0.5959 0.097221875 0.8163578125000001 0.420296875 0.649928125 0.3103609375 0.4384453125
1 0.33304374999999997 0.44598750000000004 0.4330265625 0.6360359375 0.5718921875 0.5696578125 0.4851 0.410659375 0.33304374999999997 0.44598750000000004
1 0.232828125 0.26246718750000003 0.3200234375 0.42283906250000003 0.477 0.409115625 0.40293906249999994 0.27944843750000004 0.232828125 0.26246718750000003
4 0.408275 0.26851875000000003 0.5094015625 0.290253125 0.4561703125 0.193003125 0.34276249999999997 0.1513234375 0.408275 0.26851875000000003
4 0.460359375 0.1932875 0.5198171874999999 0.290253125 0.5834640624999999 0.299515625 0.5348609375 0.22078906250000002 0.460359375 0.1932875
4 0.41695625 0.27430625000000003 0.4897296875 0.410659375 0.5788359375 0.39985468750000003 0.5198171874999999 0.297971875 0.41695625 0.27430625000000003
1 0.5846218750000001 0.410659375 0.50086875 0.41898125 0.57420625 0.5650265625 0.644796875 0.5264359375 0.5846218750000001 0.410659375
1 0.64826875 0.4029421875 0.5905671875 0.40740781249999997 0.6563687500000001 0.5202609375 0.704971875 0.4955625 0.64826875 0.4029421875
4 0.5961937500000001 0.313409375 0.5254624999999999 0.2993828125 0.5834640624999999 0.39985468750000003 0.6413249999999999 0.39213593750000003 0.5961937500000001 0.313409375
1 0.6390109374999999 0.2609234375 0.5601859375 0.2299375 0.6077656250000001 0.308778125 0.68645625 0.3211265625 0.6390109374999999 0.2609234375
1 0.7558890625 0.3905921875 0.6744796875 0.39969062499999997 0.7258015624999999 0.48475625000000006 0.7998640625 0.4461640625 0.7558890625 0.3905921875
1 0.616609375 0.3148140625 0.6633125 0.39213593750000003 0.7524171875000001 0.3844171875 0.7188578125 0.32884531250000004 0.616609375 0.3148140625
4 0.655671875 0.2646609375 0.6887703125 0.3211265625 0.7547312500000001 0.3334765625 0.720015625 0.2856234375 0.655671875 0.2646609375
4 0.764178125 0.330246875 0.825321875 0.3381078125 0.7998640625 0.305690625 0.7339015625 0.290253125 0.764178125 0.330246875
4 0.730903125 0.3379625 0.7963921875 0.4477078125 0.8230078125 0.433815625 0.7605171875 0.33502031250000003 0.730903125 0.3379625
6 0.160546875 0.729296875 0.16171875 0.08046875
6 0.137890625 0.404296875 0.25390625 0.07109375
6 0.57734375 0.529296875 0.0515625 0.05859375
6 0.03046875 0.7984375 0.0609375 0.09375
1 0 0.8691296875000001 0.0742890625 0.8259062500000001 0.0017359375 0.6311734375 0 0.8691296875000001