1 0.60560625 0.5006328124999999 0.41463906250000004 0.502325 0.20267343750000003 0.8926421875000001 0.39964218749999997 0.91291875 0.60560625 0.5006328124999999
1 0.9995421875 0.5749796875000001 0.9985421875 0.4972546875 0.81775 0.4987328125 0.597609375 0.9179875 0.83556875 0.924746875 0.9995421875 0.5749796875000001
1 0.8115734375000001 0.5006328124999999 0.61525 0.4987328125 0.406640625 0.9044703125 0.5986078125 0.9213671874999999 0.8115734375000001 0.5006328124999999
1 1 0.9230578125 0.9985421875 0.5699125 0.8390000000000001 0.925253125 1 0.9230578125
1 0.61060625 0.1238328125 0.42024999999999996 0.4902875 0.61160625 0.4972546875 0.8045734375 0.117075 0.61060625 0.1238328125
1 0.9965421875 0.1474875 0.9985421875 0.110315625 0.81525 0.11444218749999999 0.61560625 0.4871171875 0.8215718750000001 0.48880625 0.9965421875 0.1474875
1 1 0.485428125 0.9995421875 0.1474875 0.8265703125 0.4837359375 1 0.485428125
4 0.786209375 0.073396875 0.660971875 0.07804375 0.6374453124999999 0.12266406249999999 0.765203125 0.1183171875 0.786209375 0.073396875
4 0.9198812500000001 0.063978125 0.7928234375 0.0708 0.7676875 0.11686875000000001 0.8950156249999999 0.11469375 0.9198812500000001 0.063978125
4 0.9997125 0.1088265625 1 0.0560078125 0.9233109374999999 0.0618046875 0.8980171875 0.1132453125 0.9997125 0.1088265625
4 0.9250265625 0.016884375 0.9026984375 0.060840625 1 0.054559375 0.9991937500000001 0.0110875 0.9250265625 0.016884375
4 0.8568609374999999 0.00022187499999999999 0.8512453125 0.0182890625 0.9974796874999999 0.012537499999999998 0.9996218750000001 0 0.8568609374999999 0.00022187499999999999
4 0.81441875 0.0248546875 0.7906796875000001 0.0671796875 0.9031625 0.0618046875 0.9250265625 0.017609375 0.81441875 0.0248546875
4 0.7655453125 0.0009453125 0.7531609375 0.023721875 0.8478578125 0.02195625 0.8568609374999999 0.0016703125 0.7655453125 0.0009453125
4 0.67518125 0.009640625 0.6636515625 0.032775 0.7527796875 0.027028124999999997 0.763496875 0.0009453125 0.67518125 0.009640625
4 0.7064781250000001 0.029925 0.6813390625 0.07170625 0.7870765625 0.0690484375 0.8119406250000001 0.0241296875 0.7064781250000001 0.029925
4 0.593715625 0.040793750000000004 0.573565625 0.08064218749999999 0.6743140624999999 0.074121875 0.697034375 0.031375 0.593715625 0.040793750000000004
4 0.5716890625 0.035985937499999995 0.658884375 0.034473437499999995 0.6693359375 0.009240624999999999 0.5827375 0.017314062499999998 0.5716890625 0.035985937499999995
4 0.48985312499999994 0.0233703125 0.47943125000000003 0.0411171875 0.5683890625 0.0375 0.5785421875 0.014790624999999998 0.48985312499999994 0.0233703125
4 0.49224218750000004 0.0475921875 0.4695484375 0.085946875 0.568090625 0.08291875 0.5907843749999999 0.039518750000000005 0.49224218750000004 0.0475921875
1 0.61041875 0.1218984375 0.63460625 0.12240312499999999 0.655209375 0.081021875 0.5395375 0.0909359375 0.40959531250000003 0.31553437500000003 0.5132156250000001 0.31250625 0.61041875 0.1218984375
1 0.383375 0.55655 0.505959375 0.32064375 0.40849843750000003 0.3248984375 0.408159375 0.3249171875 0.27497812499999996 0.560084375 0.383375 0.55655
1 0.39978125000000003 0.32258125 0.27934375 0.32425000000000004 0.14151249999999999 0.5588328125 0.2623546875 0.559834375 0.39978125000000003 0.32258125
1 0.1634296875 0.32658437500000004 0.0245875 0.551925 0.13677343749999998 0.560834375 0.27479375 0.32358125000000004 0.1634296875 0.32658437500000004
1 0.023040625000000002 0.55783125 0.15335937500000002 0.32358125000000004 0.037176562499999996 0.32675156250000004 0.0011234374999999999 0.390653125 0.0029015625 0.5588328125 0.023040625000000002 0.55783125
4 0.0001484375 0.32925312500000004 0.0011234374999999999 0.377640625 0.0307421875 0.32358125000000004 0.0001484375 0.32925312500000004
4 0.05031875 0.1068390625 0.0000640625 0.10476875000000001 0 0.1869328125 0.05031875 0.1068390625
4 0.48335156250000005 0.04769375 0.39035625 0.051371875 0.36858124999999997 0.08988281249999999 0.4625203125 0.0856046875 0.48335156250000005 0.04769375
4 0.48403437499999996 0.023984375 0.40427656250000005 0.029546875 0.39769375 0.044096875 0.47618593750000004 0.040245312500000005 0.48403437499999996 0.023984375
4 0.2832953125 0.05650625 0.26280625 0.091009375 0.3536859375 0.0903109375 0.3752078125 0.053509375000000005 0.2832953125 0.05650625
1 0.034909375 0.3200171875 0.16814374999999998 0.1042734375 0.0558609375 0.10184843750000001 0.0024875 0.19502187499999998 0.0024875 0.32344062500000004 0.034909375 0.3200171875
1 0.28567343749999996 0.0982796875 0.1793625 0.10184843750000001 0.044534375 0.3191609375 0.1600375 0.3183046875 0.28567343749999996 0.0982796875
1 0.4053703125 0.0948578125 0.29653125 0.099709375 0.1723390625 0.3157375 0.2827765625 0.3131703125 0.4053703125 0.0948578125
1 0.526846875 0.08972187499999999 0.412434375 0.0922203125 0.2887484375 0.31916406249999996 0.4042515625 0.31488125 0.526846875 0.08972187499999999
4 0.273965625 0.058128124999999996 0.0827984375 0.0640375 0.059495312499999994 0.097428125 0.25453281250000004 0.0965703125 0.273965625 0.058128124999999996
4 0.0765828125 0.06682656249999999 0 0.0678046875 0.00017656250000000002 0.098940625 0.0536203125 0.100278125 0.0765828125 0.06682656249999999
4 0.3907625 0.029493750000000003 0.31305 0.033703125 0.304084375 0.048015625 0.38304062499999997 0.0459109375 0.3907625 0.029493750000000003
6 0.35051875 0.7649953125 0.2289453125 0.8871546875 0.399165625 0.9097875 0.42965937500000007 0.8349359375000001 0.35051875 0.7649953125
6 0.7099265625 0.691371875 0.6787046875 0.6533328125 0.4885515625 0.7439859375 0.4093296875 0.904878125 0.5944796875 0.9196031250000001 0.7099265625 0.691371875
6 0.9257828124999999 0.7318625 0.886575 0.691371875 0.7319203125 0.7392265625000001 0.652853125 0.8329203125 0.606309375 0.9159218750000001 0.8372015625 0.923284375 0.9257828124999999 0.7318625
6 1 0.7155953125 0.93879375 0.71791875 0.8399656249999999 0.922965625 1 0.921740625 1 0.7155953125
6 1 0.3653578125 0.88886875 0.369846875 0.8239921875 0.48438125000000004 0.9997031249999999 0.4880625 1 0.3653578125
6 0.876159375 0.3637125 0.6642546874999999 0.41321250000000004 0.6177859375 0.48438125000000004 0.8210875 0.48560781249999996 0.876159375 0.3637125
6 0.56953125 0.4578125 0.1171875 0.075
6 0.39020625 0.3588765625 0.27795312499999997 0.5599828125 0.3800421875 0.558884375 0.4838703125 0.3662375 0.39020625 0.3588765625
6 0.257334375 0.3686921875 0.1426984375 0.5523156250000001 0.269678125 0.5601125 0.37350625000000004 0.3650125 0.257334375 0.3686921875
6 0.13172343749999998 0.382190625 0.025598437499999998 0.550784375 0.1382578125 0.557659375 0.240634375 0.37605468750000004 0.13172343749999998 0.382190625
6 0.021359375 0.5601125 0.11502343749999999 0.385871875 0 0.3870984375 0.0017546875 0.5564328125 0.021359375 0.5601125
6 0.105584375 0.193228125 0.00018125000000000001 0.2333765625 0.00248125 0.3245234375 0.0337015625 0.32206875 0.105584375 0.193228125
6 0.2057828125 0.233721875 0.09821875 0.2317515625 0.046045312500000005 0.31470625 0.1585875 0.326978125 0.2057828125 0.233721875
6 0.345915625 0.20059062499999997 0.21713437500000002 0.23941875 0.1694796875 0.3171609375 0.27984375 0.3232953125 0.345915625 0.20059062499999997
6 0.48931250000000004 0.1568953125 0.3534984375 0.20707031250000002 0.2909765625 0.31505937500000003 0.4043984375 0.3129640625 0.48931250000000004 0.1568953125
6 0.5940578125 0.1548 0.5069250000000001 0.149478125 0.41431562499999997 0.3129640625 0.511625 0.3119171875 0.5940578125 0.1548