1 0.7861328125 0.4097203125 0.794921875 0.4146671875 0.8017578125 0.407740625 0.876953125 0.40279218749999995 0.8037109375 0.279084375 0.6826171875 0.279084375 0.654296875 0.2840328125 0.716796875 0.37706093749999997 0.7451171875 0.4097203125 0.7861328125 0.4097203125
1 0.01953125 0.40081249999999996 0.0380859375 0.42753281249999997 0.07421875 0.42654375 0.1123046875 0.42357500000000003 0.125 0.41664687499999997 0.0703125 0.3058046875 0.0615234375 0.30085625 0.0048828125 0.3028359375 0 0.31372187500000004 0.001953125 0.365184375 0.01953125 0.40081249999999996
4 0.2080078125 0.42159531250000004 0.22265625 0.4126890625 0.16796875 0.3038265625 0.0791015625 0.3028359375 0.076171875 0.307784375 0.1328125 0.42060624999999996 0.169921875 0.42258593749999995 0.2080078125 0.42159531250000004
4 0.275390625 0.41862656249999997 0.3173828125 0.4156578125 0.3203125 0.410709375 0.263671875 0.30184687499999996 0.1767578125 0.30085625 0.177734375 0.31372187500000004 0.228515625 0.4126890625 0.2353515625 0.41961562499999994 0.275390625 0.41862656249999997
1 0.3359375 0.41664687499999997 0.4130859375 0.413678125 0.416015625 0.4087296875 0.3564453125 0.30085625 0.2744140625 0.298878125 0.271484375 0.3058046875 0.28125 0.3255984375 0.326171875 0.410709375 0.3359375 0.41664687499999997
1 0.4306640625 0.413678125 0.466796875 0.4126890625 0.4990234375 0.4116984375 0.5078125 0.40477187499999995 0.453125 0.29986718749999997 0.4462890625 0.2929390625 0.3681640625 0.298878125 0.3671875 0.3058046875 0.421875 0.4087296875 0.4306640625 0.413678125
1 0.6015625 0.40081249999999996 0.5380859375 0.2909609375 0.45703125 0.29590937500000003 0.5185546875 0.407740625 0.5478515625 0.407740625 0.5537109375 0.401803125 0.599609375 0.40675 0.6015625 0.40081249999999996
1 0.734375 0.40477187499999995 0.7265625 0.390915625 0.6513671875 0.28898125 0.546875 0.29195000000000004 0.6083984375 0.40576093750000003 0.6845703125 0.40378125000000004 0.73046875 0.4087296875 0.734375 0.40477187499999995
1 0.7822265625 0.4097203125 0.732421875 0.4126890625 0.74609375 0.4443578125 0.7724609375 0.48295468750000003 0.80078125 0.4641515625 0.8076171875 0.44336875 0.826171875 0.45029531250000004 0.82421875 0.4641515625 0.841796875 0.47800624999999997 0.837890625 0.52353125 0.8427734375 0.5344171875 0.857421875 0.52946875 0.85546875 0.49779999999999996 0.84375 0.47800624999999997 0.8564453125 0.465140625 0.8701171875 0.46712031249999997 0.876953125 0.47800624999999997 0.87109375 0.4898828125 0.873046875 0.5334265625 0.88671875 0.5354062500000001 0.9287109375 0.5324375 0.9462890625 0.5265 0.947265625 0.5215515625 0.8740234375 0.40576093750000003 0.8076171875 0.407740625 0.798828125 0.4126890625 0.7978515625 0.42159531250000004 0.7822265625 0.4097203125
1 0.63671875 0.487903125 0.658203125 0.5057171874999999 0.66015625 0.519571875 0.6748046875 0.536396875 0.783203125 0.5373859375000001 0.787109375 0.509675 0.771484375 0.49779999999999996 0.767578125 0.47800624999999997 0.732421875 0.41862656249999997 0.7177734375 0.40576093750000003 0.6220703125 0.407740625 0.595703125 0.41862656249999997 0.63671875 0.487903125
1 0.669921875 0.4898828125 0.6748046875 0.490871875 0.68359375 0.47206875000000004 0.681640625 0.4601921875 0.69140625 0.45227500000000004 0.6884765625 0.44732656249999997 0.6845703125 0.4532640625 0.671875 0.436440625 0.6630859375 0.4116984375 0.6201171875 0.407740625 0.6103515625 0.413678125 0.5498046875 0.413678125 0.51953125 0.42258593749999995 0.533203125 0.4463375 0.533203125 0.4601921875 0.544921875 0.46612968749999995 0.560546875 0.493840625 0.5654296875 0.5265 0.5703125 0.519571875 0.572265625 0.48394375 0.5908203125 0.48097500000000004 0.59765625 0.487903125 0.58984375 0.5057171874999999 0.5927734375 0.538375 0.662109375 0.5393656250000001 0.70703125 0.5314484375 0.671875 0.519571875 0.673828125 0.5037375 0.666015625 0.49582031249999997 0.669921875 0.4918609375 0.6640625 0.47800624999999997 0.673828125 0.47800624999999997 0.669921875 0.4898828125
1 0.505859375 0.545303125 0.564453125 0.5393656250000001 0.5625 0.5017578125 0.533203125 0.4463375 0.5146484375 0.41961562499999994 0.4404296875 0.42555468750000003 0.4375 0.436440625 0.4921875 0.5433234375 0.505859375 0.545303125
1 0.435546875 0.5472828125 0.4755859375 0.5443140625 0.484375 0.5373859375000001 0.427734375 0.4285234375 0.4228515625 0.42357500000000003 0.3408203125 0.42753281249999997 0.39453125 0.5433234375 0.3994140625 0.548271875 0.435546875 0.5472828125
1 0.2509765625 0.42951249999999996 0.248046875 0.4403984375 0.25390625 0.45821249999999997 0.263671875 0.4641515625 0.265625 0.48196562500000006 0.2919921875 0.5284796875 0.298828125 0.5215515625 0.298828125 0.47800624999999997 0.3173828125 0.4730578125 0.326171875 0.47998593749999996 0.328125 0.4898828125 0.3203125 0.5017578125 0.3203125 0.545303125 0.3232421875 0.5502515625 0.33984375 0.5492625 0.3701171875 0.548271875 0.38671875 0.5373859375000001 0.3720703125 0.5146234375 0.359375 0.5156140625 0.369140625 0.5017578125 0.33203125 0.430503125 0.3251953125 0.42555468750000003 0.2509765625 0.42951249999999996
1 0.185546875 0.5393656250000001 0.1904296875 0.5304578125 0.19140625 0.5413453125000001 0.2041015625 0.55816875 0.23046875 0.5571796875 0.29296875 0.5492625 0.291015625 0.5334265625 0.236328125 0.436440625 0.2294921875 0.42951249999999996 0.1435546875 0.43347187500000006 0.140625 0.4384203125 0.181640625 0.519571875 0.185546875 0.5393656250000001
1 0.0419921875 0.4374296875 0.048828125 0.47008906250000004 0.09375 0.5571796875 0.1005859375 0.56410625 0.109375 0.5631171875 0.1611328125 0.5601484375 0.181640625 0.5512406249999999 0.18359375 0.5354062500000001 0.162109375 0.487903125 0.13671875 0.462171875 0.140625 0.45029531250000004 0.1298828125 0.43545156250000006 0.0419921875 0.4374296875
1 0.025390625 0.4918609375 0.013671875 0.509675 0.015625 0.5650968749999999 0.03515625 0.567075 0.0810546875 0.56410625 0.08984375 0.5571796875 0.033203125 0.4403984375 0.0048828125 0.4374296875 0.001953125 0.46612968749999995 0.0185546875 0.471078125 0.025390625 0.48196562500000006 0.025390625 0.4918609375
6 0.7796875 0.35078125 0.078125 0.0796875
6 0.631640625 0.349609375 0.06640625 0.06484375
6 0.686328125 0.4640625 0.09765625 0.071875
6 0.2796875 0.519921875 0.18125 0.07734375
6 0.510546875 0.466015625 0.04921875 0.05703125
6 0.9078125 0.509765625 0.034375 0.03515625
6 0.7515625 0.501171875 0.05625 0.05234375
6 0.73203125 0.316796875 0.0859375 0.05234375
6 0.42734375 0.3203125 0.0390625 0.046875
6 0.528125 0.324609375 0.034375 0.03984375
6 0.0578125 0.4328125 0.08125 0.059375
6 0.058984375 0.515234375 0.05859375 0.05234375
6 0.417578125 0.423828125 0.06640625 0.05703125
6 0.5390625 0.408203125 0.08125 0.05703125
6 0.68125 0.46328125 0.04375 0.0421875
6 0.69375 0.4140625 0.034375 0.071875
6 0.696484375 0.50625 0.04921875 0.071875
6 0.819140625 0.375 0.05390625 0.05
6 0.42890625 0.536328125 0.0640625 0.04453125
6 0.15859375 0.456640625 0.0609375 0.03515625