4 0.8167953125 0.5671875 0.9984375 0.5620828125 0.9984375 0.47241875 0.9866421875 0.4484375 0.986309375 0.4484375 0.9720437499999999 0.453584375 0.9417843749999999 0.476325 0.7508671875 0.46085624999999997 0.745096875 0.4579578125 0.8131171875 0.5671875 0.8167953125 0.5671875
4 0.7872343749999999 0.5486796875 0.720896875 0.456840625 0.48464062500000005 0.45246718750000003 0.5525625 0.553125 0.6024796875 0.553125 0.7872343749999999 0.5486796875
4 0.803815625 0.29398749999999996 0.579778125 0.29474374999999997 0.6613374999999999 0.41279374999999996 0.8604421875 0.415625 0.8886890624999999 0.415625 0.803815625 0.29398749999999996
4 0.826915625 0.290625 0.9093625 0.4183265625 0.9958328125 0.4234375 0.9984375 0.4234375 0.9984375 0.294965625 0.8338453124999999 0.290625 0.826915625 0.290625
4 0.64775625 0.298009375 0.4319296875 0.2975359375 0.338446875 0.41416875 0.563315625 0.4088265625 0.64775625 0.298009375
4 0.4125 0.29539375 0.4125 0.29375 0.38445 0.29375 0.187840625 0.2953953125 0.0859625 0.41875 0.19804375000000002 0.41875 0.2990765625 0.418525 0.4125 0.29539375
4 0 0.291853125 0.002121875 0.43297968750000004 0.050909375 0.43312343750000004 0.18158125 0.296115625 0 0.291853125
4 0.00037187499999999997 0.7096984375 0.121503125 0.7106578125 0.1214359375 0.6520015625 0.065703125 0.6409046875 0.00037187499999999997 0.7096984375
4 0.1523203125 0.637834375 0.0854609375 0.7093171875000001 0.1497359375 0.7077359375000001 0.167084375 0.6949765625000001 0.225771875 0.698859375 0.23684375000000002 0.7105109374999999 0.252346875 0.689984375 0.3136171875 0.6605796875000001 0.3874375 0.62729375 0.21211406249999998 0.623409375 0.1951359375 0.6389437499999999 0.1523203125 0.637834375
6 0.00194375 0.6245499999999999 0.4058796875 0.596090625 0.531534375 0.42015624999999995 0.072884375 0.435975 0.0105515625 0.5012234375 0.00194375 0.6245499999999999
6 0.0014984375 0.5870796875 0.00035312500000000003 0.9984375 0.9984375 0.9984375 0.9984375 0.7158890625 0.7647546875 0.7198921875 0.598934375 0.6396875 0.5151640625 0.5568953125 0.0554328125 0.5508578125 0.0014984375 0.5870796875