4 1 0.4536953125 0.8132531249999999 0.44844687499999997 0.74516875 0.557778125 0.7509390625 0.5548796874999999 0.9418562500000001 0.5394109375 0.972115625 0.5621515625 0.9866640625 0.5674 1 0.5402859375 1 0.4536953125
4 0.7189281249999999 0.5537859375 0.7876484375 0.45194531250000003 0.5513921875000001 0.45631875 0.48505312500000003 0.5481578125000001 0.7189281249999999 0.5537859375
4 0.5798265625 0.41665156249999996 0.8074609374999999 0.41341406249999996 0.8890218750000001 0.29536406249999997 0.6649828125 0.2946078125 0.5798265625 0.41665156249999996
4 0.827384375 0.4240078125 0.999565625 0.41946874999999995 0.999565625 0.2908234375 0.90995 0.296121875 0.827384375 0.4240078125
4 0.338446875 0.41416875 0.563315625 0.4088265625 0.64775625 0.298009375 0.4319296875 0.2975359375 0.338446875 0.41416875
4 0.3118859375 0.41735156250000005 0.41397031249999994 0.29374687499999996 0.2006515625 0.29422031249999997 0.0854828125 0.4192453125 0.3118859375 0.41735156250000005
4 0.050909375 0.43312343750000004 0.18158125 0.296115625 0 0.291853125 0.002121875 0.43297968750000004 0.050909375 0.43312343750000004
4 0.121684375 0.6422718749999999 0.000553125 0.6413140625 0.0006203125 0.6999703125 0.0563546875 0.711065625 0.121684375 0.6422718749999999
4 0.21211406249999998 0.623409375 0.1951359375 0.6389437499999999 0.1523203125 0.637834375 0.0854609375 0.7093171875000001 0.1497359375 0.7077359375000001 0.167084375 0.6949765625000001 0.225771875 0.698859375 0.23684375000000002 0.7105109374999999 0.252346875 0.689984375 0.3136171875 0.6605796875000001 0.3874375 0.62729375 0.21211406249999998 0.623409375
6 0.072884375 0.435975 0.0105515625 0.5012234375 0.00194375 0.6245499999999999 0.4058796875 0.596090625 0.531534375 0.42015624999999995 0.072884375 0.435975
6 0 0.998146875 0.9993000000000001 0.999009375 0.9981515625 0.586603125 0.9442171874999999 0.55038125 0.4844859375 0.55641875 0.400715625 0.6392109375 0.2348953125 0.719415625 0 0.7153921875 0 0.998146875