4 0.7731250000000001 0.5622625 0.803384375 0.5395218749999999 0.9943015624999999 0.5549906250000001 0.9984375 0.55706875 0.9984375 0.555265625 0.9319875 0.4485578125 0.745240625 0.45380624999999997 0.745240625 0.540396875 0.7584187499999999 0.5671875 0.7594734375 0.5671875 0.7731250000000001 0.5622625
4 0.5513921875000001 0.45631875 0.48505312500000003 0.5481578125000001 0.7189281249999999 0.5537859375 0.7876484375 0.45194531250000003 0.5513921875000001 0.45631875
4 0.803815625 0.29398749999999996 0.579778125 0.29474374999999997 0.6613374999999999 0.41279374999999996 0.8604421875 0.415625 0.8886890624999999 0.415625 0.803815625 0.29398749999999996
4 0.826915625 0.290625 0.9093625 0.4183265625 0.9958328125 0.4234375 0.9984375 0.4234375 0.9984375 0.294965625 0.8338453124999999 0.290625 0.826915625 0.290625
4 0.64775625 0.298009375 0.4319296875 0.2975359375 0.338446875 0.41416875 0.563315625 0.4088265625 0.64775625 0.298009375
4 0.4125 0.41875 0.4125 0.4176 0.2990765625 0.2944671875 0.08575625 0.29399375 0.187840625 0.4175984375 0.3255 0.41875 0.4125 0.41875
4 0 0.291853125 0.002121875 0.43297968750000004 0.050909375 0.43312343750000004 0.18158125 0.296115625 0 0.291853125
4 0.1214359375 0.7003781250000001 0.121503125 0.641721875 0.00037187499999999997 0.64268125 0.06519375 0.7109375 0.0683953125 0.7109375 0.1214359375 0.7003781250000001
4 0.14946718750000001 0.6264109375 0.08519062499999999 0.62483125 0.15205 0.6963140625 0.194865625 0.6952046875 0.21035468750000003 0.709375 0.273371875 0.709375 0.3859375 0.70688125 0.3859375 0.7062999999999999 0.313346875 0.6735671875 0.2520765625 0.6441640625 0.23657499999999998 0.6236375 0.2255015625 0.6352875 0.1668140625 0.6391703125 0.14946718750000001 0.6264109375
6 0.00194375 0.6245499999999999 0.4058796875 0.596090625 0.531534375 0.42015624999999995 0.072884375 0.435975 0.0105515625 0.5012234375 0.00194375 0.6245499999999999
6 0 0.8335171875 0.23454531250000002 0.8294984375000001 0.40036562499999995 0.9097031250000001 0.48413593749999995 0.9924953125 0.936659375 0.9984375 0.9440078125 0.9984375 0.9978015625 0.9623109375000001 0.9984375 0.7337484375 0.9984375 0.55 0.8892765624999999 0.55 0 0.5507671875 0 0.8335171875